0 0.45526654411764705 0.012784926470588289 0.4075919117647059 0.009117647058823583 0.4059283088235294 0.030744485294117708 0.4536029411764706 0.03441176470588241
0 0.775 0.4281250000000002 0.740625 0.4281250000000002 0.740625 0.45625000000000016 0.775 0.45625000000000016
0 0.43209134615384615 0.3239182692307693 0.3996394230769231 0.2752403846153846 0.3430288461538461 0.31298076923076923 0.37548076923076923 0.3616586538461539
0 0.6976562500000002 0.45234375000000016 0.6695312500000001 0.4242187500000001 0.65078125 0.4429687500000001 0.6789062500000002 0.4710937500000002
0 0.6222955028328613 0.2973486189801701 0.5582595609065157 0.26721405807365456 0.5485570113314449 0.28783197592068005 0.6125929532577905 0.3179665368271956
0 0.6370579268292683 0.39945884146341476 0.5232012195121952 0.37506097560975626 0.506486280487805 0.45306402439024407 0.6203429878048781 0.4774618902439026
0 0.5225754310344828 0.575969827586207 0.515032327586207 0.5571120689655172 0.4759698275862069 0.5727370689655172 0.48351293103448273 0.591594827586207
0 0.712752375296912 0.5885688836104515 0.6336995249406175 0.5147862232779099 0.6017443586698337 0.5490239014251783 0.6807972090261283 0.6228065617577199
0 0.5594025000000001 0.136255 0.5444925000000002 0.08513499999999999 0.4766325000000001 0.10492749999999998 0.4915425000000001 0.15604749999999998
0 0.7183581730769231 0.4968966346153848 0.6925312499999998 0.4680312500000001 0.6515624999999999 0.5046875000000001 0.6773894230769231 0.5335528846153847
0 0.45152055369127514 0.5137793624161074 0.43676593959731547 0.4927013422818793 0.3967072147651006 0.5207424496644297 0.4114618288590603 0.5418204697986578
0 0.6661550283732661 0.08984473518285004 0.5537732503152586 0.07780383039092065 0.5504985025220681 0.10836814312736454 0.6628802805800758 0.1204090479192939
0 0.5021280487804878 0.33528506097560973 0.5006295731707318 0.2873338414634146 0.43721493902439024 0.2893155487804878 0.4387134146341463 0.33726676829268293
0 0.4085259433962264 0.4845341981132075 0.39913325471698113 0.434439858490566 0.3465860849056604 0.44429245283018864 0.35597877358490565 0.4943867924528302
0 0.5054476351351351 0.4516891891891893 0.43576858108108113 0.4400760135135136 0.42799831081081086 0.48669763513513525 0.4976773648648649 0.49831081081081097
0 0.5795312499999999 0.23953125000000006 0.5443749999999999 0.22781250000000006 0.5392187500000001 0.24328125000000006 0.5743750000000001 0.25500000000000006
0 0.46541559278350525 0.23133054123711347 0.42496778350515463 0.21335373711340214 0.41401417525773193 0.23799935567010316 0.45446198453608255 0.2559761597938145
0 0.9421875 0.4937500000000002 0.8609375 0.4937500000000002 0.8609375 0.5453125000000002 0.9421875 0.5453125000000002
0 0.5141006097560976 0.35278201219512206 0.4653963414634147 0.3473704268292684 0.4591082317073171 0.4039634146341465 0.5078125000000001 0.4093750000000001
0 0.32121746203904555 0.10125067787418655 0.31328633405639916 0.08618153470715835 0.2729731561822126 0.1073989967462039 0.280904284164859 0.12246813991323209
0 0.6020118776510675 0.6197116638272722 0.4818495323690982 0.5841854052221682 0.4044025102565886 0.846138568249774 0.5245648555385578 0.8816648268548779
0 0.718103448275862 0.28286637931034486 0.6669181034482758 0.2623922413793104 0.659698275862069 0.2804418103448276 0.7108836206896552 0.3009159482758621
0 0.6003125 0.35406250000000006 0.5353125 0.3215625000000001 0.5228124999999999 0.3465625000000001 0.5878125 0.37906250000000014
0 0.6890625 0.3468750000000001 0.653125 0.3468750000000001 0.653125 0.3671875000000001 0.6890625 0.3671875000000001
0 0.5742883663366337 0.19930383663366347 0.528960396039604 0.1947710396039605 0.5272431930693069 0.21194306930693077 0.5725711633663366 0.21647586633663374