0 0.593382 0.667096 0.576011 0.638143 0.525919 0.668199 0.543290 0.697151
0 0.279733 0.313465 0.265257 0.304779 0.256296 0.319715 0.270772 0.328401
0 0.347918 0.703269 0.319336 0.656499 0.228641 0.711924 0.257223 0.758694
0 0.172716 0.816707 0.148558 0.800601 0.137740 0.816827 0.161899 0.832933
0 0.562031 0.065781 0.551250 0.033437 0.521719 0.043281 0.532500 0.075625
0 0.543750 0.645312 0.534135 0.630889 0.516106 0.642909 0.525721 0.657332
0 0.449399 0.871995 0.414784 0.848918 0.355889 0.937260 0.390505 0.960337
0 0.422812 0.123750 0.404219 0.099844 0.383882 0.115661 0.402476 0.139567
0 0.418366 0.648899 0.415471 0.617059 0.366586 0.621504 0.369480 0.653343
0 0.303280 0.525015 0.269864 0.521674 0.266708 0.553233 0.300124 0.556575
0 0.284688 0.952188 0.278750 0.940312 0.253750 0.952812 0.259688 0.964688
0 0.444234 0.209607 0.355901 0.174739 0.292301 0.335859 0.380634 0.370727
0 0.422336 0.484385 0.387206 0.459794 0.373186 0.479824 0.408316 0.504415
0 0.461719 0.288281 0.436719 0.263281 0.418750 0.281250 0.443750 0.306250
0 0.388682 0.981968 0.382242 0.972952 0.360811 0.988260 0.367251 0.997276
0 0.607791 0.604110 0.593472 0.565925 0.559739 0.578574 0.574058 0.616759
0 0.473898 0.550227 0.410296 0.533266 0.397277 0.582086 0.460879 0.599047
0 0.336673 0.443934 0.311167 0.401425 0.272335 0.424724 0.297840 0.467233
0 0.289926 0.784669 0.266636 0.764706 0.226268 0.811801 0.249559 0.831765
0 0.460312 0.621562 0.453125 0.600000 0.428281 0.608281 0.435469 0.629844
0 0.671154 0.052644 0.643389 0.034135 0.633053 0.049639 0.660817 0.068149
0 0.237748 0.835522 0.224145 0.806955 0.170287 0.832602 0.183890 0.861169
0 0.382962 0.510017 0.357620 0.500514 0.351584 0.516610 0.376926 0.526113
0 0.357813 0.990625 0.334375 0.990625 0.334375 0.998437 0.357813 0.998437
0 0.716668 0.037316 0.683510 0.031465 0.678885 0.057671 0.712044 0.063522
0 0.462684 0.950735 0.455974 0.923897 0.415901 0.933915 0.422610 0.960754
0 0.214925 0.527155 0.205873 0.504526 0.156573 0.524246 0.165625 0.546875
0 0.478331 0.117129 0.471256 0.092364 0.445254 0.099794 0.452329 0.124558
0 0.635140 0.445059 0.489915 0.383912 0.431180 0.523408 0.576404 0.584555
0 0.470937 0.832500 0.460313 0.811250 0.433438 0.824688 0.444062 0.845938
0 0.704688 0.295313 0.682813 0.273438 0.668750 0.287500 0.690625 0.309375
0 0.467261 0.859706 0.463438 0.842500 0.430515 0.849816 0.434338 0.867022
0 0.279284 0.590291 0.260762 0.560657 0.216099 0.588571 0.234621 0.618206
0 0.529988 0.603065 0.525180 0.579026 0.485517 0.586959 0.490325 0.610998
0 0.251595 0.397263 0.249860 0.376444 0.233437 0.377812 0.235172 0.398631
0 0.513408 0.694503 0.480792 0.691070 0.476092 0.735723 0.508707 0.739157
0 0.435313 0.973750 0.419812 0.962125 0.406312 0.980125 0.421813 0.991750
0 0.516301 0.360304 0.507812 0.309375 0.473353 0.315118 0.481841 0.366047
0 0.805887 0.401049 0.780653 0.286350 0.715793 0.300619 0.741026 0.415318
0 0.473051 0.694081 0.454522 0.672463 0.423382 0.699154 0.441912 0.720772
0 0.342438 0.398250 0.311313 0.356750 0.286313 0.375500 0.317438 0.417000
0 0.460299 0.170472 0.371432 0.135393 0.292301 0.335859 0.381168 0.370938
0 0.601605 0.244950 0.559268 0.239969 0.555183 0.274691 0.597520 0.279672
0 0.442671 0.322428 0.425733 0.303070 0.405047 0.321170 0.421986 0.340528
0 0.306095 0.589047 0.278713 0.586309 0.276934 0.604100 0.304316 0.606838
0 0.346562 0.946250 0.334375 0.921875 0.290625 0.943750 0.302812 0.968125
0 0.545438 0.141312 0.511875 0.096563 0.486875 0.115313 0.520437 0.160062
0 0.175312 0.597500 0.163437 0.573750 0.120312 0.595313 0.132187 0.619062
0 0.488606 0.458341 0.454952 0.454135 0.451827 0.479135 0.485481 0.483341
0 0.636437 0.519125 0.579100 0.508700 0.575100 0.530700 0.632437 0.541125
0 0.868750 0.018750 0.835938 0.018750 0.835938 0.054688 0.868750 0.054688
0 0.473217 0.490368 0.435699 0.487482 0.433695 0.513529 0.471213 0.516415
0 0.387380 0.425962 0.369712 0.414183 0.356010 0.434736 0.373678 0.446514
0 0.275794 0.466265 0.236219 0.418776 0.193648 0.454252 0.233222 0.501742
0 0.435937 0.832812 0.430938 0.817812 0.405625 0.826250 0.410625 0.841250
0 0.440855 0.405289 0.415242 0.381810 0.400000 0.398438 0.425613 0.421916
0 0.554567 0.241226 0.492308 0.147837 0.449399 0.176442 0.511659 0.269832
0 0.607813 0.314063 0.569531 0.275781 0.537500 0.307813 0.575781 0.346094
0 0.795312 0.137500 0.748437 0.137500 0.748437 0.162500 0.795312 0.162500
0 0.399219 0.692969 0.389844 0.683594 0.377344 0.696094 0.386719 0.705469
0 0.442188 0.103125 0.425000 0.085938 0.411719 0.099219 0.428906 0.116406
0 0.587500 0.620313 0.548438 0.620313 0.548438 0.653125 0.587500 0.653125
0 0.356250 0.350000 0.331250 0.350000 0.331250 0.378125 0.356250 0.378125
0 0.380490 0.704561 0.323226 0.695017 0.312669 0.758361 0.369932 0.767905
0 0.524469 0.310344 0.522406 0.295906 0.497250 0.299500 0.499312 0.313937
0 0.408594 0.528906 0.382344 0.520156 0.372031 0.551094 0.398281 0.559844
0 0.321140 0.967371 0.308732 0.959926 0.292463 0.987040 0.304871 0.994485
0 0.245974 0.988915 0.240460 0.964099 0.184375 0.976562 0.189890 1.000000
0 0.440563 0.709994 0.407611 0.706699 0.405368 0.729131 0.438320 0.732426
0 0.462500 0.768750 0.435938 0.768750 0.435938 0.789062 0.462500 0.789062
0 0.827170 0.290218 0.821156 0.258143 0.742476 0.272895 0.748491 0.304971
0 0.348438 0.462500 0.343594 0.447969 0.323906 0.454531 0.328750 0.469063
0 0.431419 0.779139 0.426985 0.752534 0.400127 0.757010 0.404561 0.783615
0 0.672900 0.162167 0.633030 0.158543 0.631378 0.176716 0.671247 0.180341
0 0.615533 0.223805 0.594945 0.206158 0.575313 0.229062 0.595901 0.246710
0 0.484375 0.371875 0.437500 0.371875 0.437500 0.415625 0.484375 0.415625
