0 0.56875 0.5109375 0.3859375000000001 0.5109375 0.3859375000000001 0.6140625 0.56875 0.6140625
1 0.10156250000000008 0.6390625 7.826258450801054e-17 0.6390625 8.486419615966424e-17 0.746875 0.10156250000000008 0.746875
1 0.018750000000000103 0.79375 9.720633968232116e-17 0.79375 1.0246849389740744e-16 0.8796875 0.018750000000000107 0.8796875
1 0.6671875 0.1625000000000001 0.56875 0.1625000000000001 0.56875 0.3187500000000001 0.6671875 0.3187500000000001
1 0.3265625 0.02812500000000004 0.246875 0.028125000000000032 0.246875 0.14375000000000004 0.3265625 0.14375000000000004
1 0.5734375 6.266747292511846e-17 0.45 5.5109105961630896e-17 0.45 0.10312500000000006 0.5734375 0.10312500000000009
3 0.32500000000000007 0.9015625 0.2500000000000001 0.9015625 0.2500000000000001 0.9421875 0.32500000000000007 0.9421875
3 0.2171875 0.2984375 0.15000000000000005 0.2984375 0.15000000000000005 0.3328125 0.2171875 0.3328125
3 0.24375000000000005 0.3390625 0.2109375 0.3390625 0.21093750000000006 0.371875 0.24375000000000008 0.371875
0 0.696875 0.3312500000000001 0.434375 0.3312500000000001 0.434375 0.471875 0.696875 0.471875
0 0.6703125000000002 0.73125 0.4656250000000002 0.73125 0.4656250000000002 0.9296875 0.6703125000000002 0.9296875