0 0.457813 0.415625 0.367188 0.415625 0.367188 0.481250 0.457813 0.481250
0 0.236765 0.729871 0.211719 0.714844 0.202619 0.730009 0.227665 0.745037
0 0.995313 0.429688 0.953125 0.429688 0.953125 0.454688 0.995313 0.454688
0 0.407911 0.797921 0.382530 0.770001 0.361454 0.789161 0.386835 0.817081
0 0.166195 0.466111 0.155321 0.450887 0.135072 0.465351 0.145946 0.480574
0 0.809808 0.156606 0.770204 0.152645 0.767930 0.175387 0.807534 0.179347
0 0.614531 0.565781 0.469688 0.517500 0.440938 0.603750 0.585781 0.652031
0 0.683281 0.657969 0.639688 0.643437 0.628281 0.677656 0.671875 0.692187
0 0.176563 0.323438 0.136719 0.283594 0.113281 0.307031 0.153125 0.346875
0 0.580751 0.241267 0.579688 0.209375 0.516372 0.211486 0.517435 0.243377
0 0.489425 0.048788 0.455738 0.042663 0.452937 0.058063 0.486625 0.064188
0 0.999688 0.542813 0.975313 0.530625 0.967187 0.546875 0.991563 0.559063
0 0.790625 0.387500 0.778125 0.362500 0.732500 0.385313 0.745000 0.410313
0 0.369764 0.519790 0.311373 0.516717 0.310186 0.539270 0.368577 0.542343
0 0.313918 0.908034 0.277313 0.895302 0.259375 0.946875 0.295979 0.959607
0 0.537500 0.025000 0.493750 0.025000 0.493750 0.054688 0.537500 0.054688
0 0.442306 0.577606 0.371781 0.528781 0.315925 0.609463 0.386450 0.658288
0 0.226750 0.465875 0.198625 0.428375 0.172375 0.448062 0.200500 0.485563
0 0.471800 0.480384 0.430903 0.456707 0.400522 0.509184 0.441419 0.532861
0 0.686846 0.825641 0.683847 0.761646 0.549157 0.767959 0.552157 0.831955
0 0.600469 0.381406 0.526406 0.356719 0.508750 0.409688 0.582812 0.434375
0 0.601562 0.042188 0.548438 0.042188 0.548438 0.065625 0.601562 0.065625
0 0.461563 0.096563 0.440192 0.084351 0.433750 0.095625 0.455120 0.107837
0 0.471875 0.296875 0.432812 0.296875 0.432812 0.320313 0.471875 0.320313
0 0.624721 0.794981 0.574161 0.749743 0.545433 0.781851 0.595993 0.827089
0 0.404871 0.283640 0.387362 0.254458 0.361397 0.270037 0.378906 0.299219
0 0.323631 0.676972 0.266754 0.607457 0.221658 0.644353 0.278535 0.713869
0 0.962420 0.306421 0.948552 0.268282 0.929859 0.275080 0.943727 0.313219
0 0.442932 0.857865 0.385361 0.817565 0.367890 0.842523 0.425461 0.882823
0 0.425000 0.314063 0.384255 0.286899 0.366707 0.313221 0.407452 0.340385
0 0.555165 0.158469 0.497297 0.154611 0.495693 0.178671 0.553561 0.182529
0 0.454875 0.459125 0.388625 0.409438 0.366125 0.439438 0.432375 0.489125
0 0.478237 0.057642 0.410154 0.049632 0.406751 0.078552 0.474835 0.086561
0 1.000000 0.481250 0.996875 0.481250 0.996875 0.498438 1.000000 0.498438
0 0.590539 0.983562 0.555116 0.905629 0.513442 0.924572 0.548866 1.000000
0 0.490625 0.321875 0.445312 0.321875 0.445312 0.345313 0.490625 0.345313
0 0.091456 0.399312 0.075115 0.394409 0.066170 0.424226 0.082511 0.429128
0 0.710625 0.166563 0.641250 0.143438 0.633594 0.166406 0.702969 0.189531
0 0.233547 0.645659 0.175983 0.590711 0.144093 0.624120 0.201657 0.679068
0 0.516174 0.306081 0.493370 0.302280 0.490245 0.321030 0.513049 0.324831
0 0.704062 0.621987 0.613129 0.520142 0.576676 0.552689 0.667609 0.654534
0 0.461027 0.353339 0.412078 0.350076 0.410032 0.380773 0.458981 0.384036
0 0.245943 0.901783 0.203992 0.899316 0.202592 0.923130 0.244542 0.925598
0 0.170654 0.398491 0.112848 0.345501 0.087683 0.372954 0.145489 0.425943
0 0.145254 0.499794 0.093647 0.471123 0.071757 0.510525 0.123364 0.539195
0 1.000000 0.390996 0.973784 0.367256 0.940084 0.419101 0.976606 0.442841
0 0.120313 0.731250 0.101563 0.712500 0.081250 0.732813 0.100000 0.751563
0 0.578585 0.603401 0.497849 0.585460 0.489908 0.621195 0.570643 0.639136
0 0.604688 0.082813 0.537500 0.082813 0.537500 0.104688 0.604688 0.104688
0 0.446875 0.728125 0.411719 0.692969 0.371094 0.733594 0.406250 0.768750
0 0.338739 0.866433 0.305065 0.852963 0.289116 0.892834 0.322791 0.906304
0 0.572500 0.562813 0.473125 0.513125 0.451875 0.555625 0.551250 0.605313
0 0.449365 0.987703 0.370704 0.900762 0.326927 0.940370 0.405588 1.000000
0 0.629734 0.682348 0.520514 0.671426 0.514913 0.727429 0.624134 0.738351
0 0.636125 0.129438 0.603125 0.104688 0.563750 0.157188 0.596750 0.181938
0 0.662915 0.457824 0.647603 0.416261 0.587142 0.438537 0.602454 0.480099
0 0.701262 0.565565 0.467187 0.518750 0.448377 0.612800 0.682452 0.659615
0 0.689531 0.054531 0.679688 0.025000 0.643594 0.037031 0.653438 0.066563
0 0.221808 0.675028 0.080017 0.616793 0.050051 0.689753 0.191842 0.747989
0 0.990313 0.597813 0.968750 0.590625 0.956250 0.628125 0.977813 0.635313
0 0.724957 0.637093 0.688827 0.623545 0.678489 0.651113 0.714619 0.664662
0 0.321966 0.640816 0.164739 0.584854 0.142100 0.648459 0.299327 0.704421
