2 0.4953125 0.2078125000000001 0.365625 0.2078125000000001 0.365625 0.32500000000000007 0.4953125 0.32500000000000007
2 0.3578125 0.16250000000000003 0.2625 0.16250000000000003 0.2625 0.234375 0.3578125 0.234375
2 0.4765625 0.3062500000000001 0.3796875 0.3062500000000001 0.3796875 0.3609375000000001 0.4765625 0.3609375000000001
2 0.634375 0.08125000000000007 0.58125 0.08125000000000007 0.58125 0.1281250000000001 0.634375 0.1281250000000001
2 0.4390625 0.03281250000000005 0.340625 0.03281250000000004 0.340625 0.13906250000000003 0.4390625 0.13906250000000003
2 0.6078125000000001 0.7046875 0.2500000000000001 0.7046875 0.2500000000000001 0.909375 0.6078125000000002 0.909375
3 0.765625 0.10156250000000008 0.6828125 0.10156250000000008 0.6828125 0.14843750000000008 0.765625 0.14843750000000008
3 0.3890625000000001 0.428125 0.31718750000000007 0.428125 0.31718750000000007 0.4703125 0.3890625000000001 0.4703125
3 0.2890625 0.23125 0.23125 0.23125 0.23125 0.2921875 0.2890625 0.2921875
3 0.25468750000000007 0.5578125 0.2015625000000001 0.5578125 0.2015625000000001 0.5984375 0.25468750000000007 0.5984375
3 0.5875 0.4203125 0.5515625 0.4203125 0.5515625 0.453125 0.5875 0.453125
0 0.4125 0.3453125 0.3578125 0.3453125 0.35781250000000003 0.39687500000000003 0.4125 0.3968750000000001
0 0.334375 0.3234375 0.3046875 0.3234375 0.3046875 0.34375 0.334375 0.34375
3 0.4875 0.5421875 0.4359375 0.5421875 0.4359375 0.5703125 0.4875 0.5703125