0 0.43125 0.5140625 0.28593750000000007 0.5140625 0.28593750000000007 0.6953125 0.43125 0.6953125
0 0.3468750000000001 0.978125 0.33281250000000007 0.978125 0.33281250000000007 0.9828125 0.3468750000000001 0.9828125
0 0.5480998897599216 0.2669050097991181 0.5461002572268496 0.24440914380205783 0.46197329740323384 0.25188709578637924 0.4639729299363058 0.27438296178343946
0 0.44765625 0.16953125000000008 0.43125 0.153125 0.390625 0.19375 0.40703125 0.21015625000000004
0 0.14605996621621622 0.4312964527027027 0.13939611486486486 0.38909206081081077 0.06180743243243243 0.4013429054054053 0.06847128378378378 0.4435472972972973
0 0.4999504573170732 0.6854458841463416 0.45116615853658537 0.6538795731707318 0.41180259146341464 0.7147141768292683 0.4605868902439025 0.7462804878048781
0 0.490625 0.825 0.48275862068965525 0.8053340517241379 0.4310344827586207 0.8260237068965516 0.43890086206896556 0.8456896551724137
0 0.2729567307692307 0.10865384615384617 0.2360114644970414 0.09325998520710063 0.2282914201183432 0.11178809171597637 0.2652366863905325 0.1271819526627219
0 0.2609375000000001 0.9265625 0.2375000000000001 0.9265625 0.2375000000000001 0.95625 0.2609375000000001 0.95625
0 0.6441786159600997 0.910177680798005 0.5636767456359102 0.9061525872817956 0.5622116583541147 0.9354543329177059 0.6427135286783042 0.9394794264339152
0 0.7053124999999999 0.4403125000000001 0.6975937499999999 0.3862812500000001 0.6188437499999998 0.39753125000000006 0.6265624999999998 0.4515625000000001
0 0.19637500000000005 0.8222500000000001 0.159625 0.7732500000000002 0.130875 0.7948125000000001 0.16762500000000005 0.8438125000000001
0 0.24755969101123595 0.2904669943820225 0.2403704353932584 0.2593135533707865 0.17943293539325844 0.27337605337078646 0.18662219101123595 0.3045294943820225
0 0.2709283759124087 0.8365875912408758 0.2539233576642336 0.8001482664233578 0.23253877737226283 0.8101277372262775 0.24954379562043796 0.8465670620437955
0 0.04123750000000002 0.7635250000000001 0.03771250000000002 0.7441375000000001 0.026162499999999998 0.7462375000000001 0.0296875 0.7656250000000002
0 0.2496986040609137 0.3510945431472081 0.2032836294416244 0.34777918781725886 0.20028553299492388 0.38975253807106597 0.2467005076142132 0.3930678934010152
0 0.3592357673267327 0.12673267326732673 0.3576113861386139 0.11048886138613863 0.3289913366336633 0.11335086633663367 0.3306157178217822 0.12959467821782178
0 0.39975961538461535 0.551923076923077 0.3737980769230769 0.5346153846153846 0.3064903846153846 0.635576923076923 0.332451923076923 0.6528846153846153
0 0.3579963235294118 0.2366727941176471 0.32738970588235294 0.22987132352941178 0.3226470588235294 0.2512132352941177 0.35325367647058825 0.258014705882353
0 0.6072836538461538 0.24264423076923078 0.5979567307692307 0.16802884615384614 0.5523798076923077 0.1737259615384615 0.5617067307692307 0.24834134615384612
0 0.2115384615384615 0.19050480769230774 0.19783653846153848 0.18137019230769238 0.18028846153846156 0.20769230769230776 0.1939903846153846 0.21682692307692314
0 0.6267099056603775 0.8330778301886793 0.5740860849056606 0.8180424528301888 0.5549823113207549 0.8849056603773586 0.6076061320754719 0.8999410377358492
0 0.06611271676300579 0.9203576589595377 0.06118135838150289 0.8883038294797689 0.048970375722543355 0.8901824421965319 0.05390173410404625 0.9222362716763006
0 0.515967987804878 0.41410060975609764 0.47069359756097573 0.4090701219512196 0.46711128048780504 0.4413109756097562 0.5123856707317074 0.44634146341463427
0 0.4640625 0.6390625 0.4375 0.6390625 0.4375 0.6640625 0.4640625 0.6640625
0 0.28112132352941177 0.6077022058823529 0.2787408088235294 0.5767555147058825 0.22019301470588237 0.5812591911764706 0.2225735294117647 0.6122058823529412
0 0.5967228701825558 0.31607188133874253 0.5695455121703854 0.295417089249493 0.5296209432048682 0.3479494168356999 0.5567983012170385 0.3686042089249494
0 0.44053308823529413 0.22306985294117654 0.4102022058823529 0.20487132352941181 0.39034926470588227 0.23795955882352943 0.42068014705882356 0.2561580882352942
0 0.5109375 0.3671875000000001 0.4578125 0.3671875000000001 0.4578125 0.4 0.5109375 0.4
0 0.29512867647058816 0.8648897058823529 0.2865808823529411 0.8306985294117647 0.20569852941176467 0.8509191176470587 0.21424632352941173 0.885110294117647