0 0.753125 0.3937500000000001 0.7078125 0.3937500000000001 0.7078125 0.4546875000000001 0.753125 0.4546875000000002
2 0.5765625000000001 0.27343750000000006 0.2203125 0.2734375 0.22031250000000005 0.75 0.5765625000000002 0.75
2 0.5296875 0.30468750000000006 0.25625 0.3046875 0.25625000000000003 0.6921875 0.5296875 0.6921875
2 0.4734375 0.25468750000000007 0.3125 0.2546875 0.31250000000000006 0.4484375 0.4734375 0.4484375
2 0.2218750000000001 0.3859375 0.14843750000000006 0.3859375 0.14843750000000006 0.4921875 0.2218750000000001 0.4921875
2 0.2828125000000001 0.365625 0.18906250000000005 0.365625 0.18906250000000005 0.5296875 0.2828125000000001 0.5296875
2 0.09062500000000007 0.4671875 0.045312500000000054 0.4671875 0.04531250000000006 0.55 0.09062500000000007 0.55
2 0.25468750000000007 0.30625 0.2078125 0.30625 0.20781250000000004 0.36875 0.25468750000000007 0.36875
0 0.68125 0.5984375 0.628125 0.5984375 0.628125 0.671875 0.68125 0.671875
0 0.7203125000000001 0.7203125 0.6828125 0.7203125 0.6828125 0.778125 0.7203125000000001 0.778125
0 0.7390625 0.2531250000000001 0.68125 0.2531250000000001 0.68125 0.3187500000000001 0.7390625 0.3187500000000001
0 0.6734375 0.32500000000000007 0.6078125 0.32500000000000007 0.6078125 0.421875 0.6734375 0.421875
0 0.6859375 0.3921875000000001 0.6296875 0.3921875000000001 0.6296875 0.4703125 0.6859375 0.4703125
0 0.5953125 0.2406250000000001 0.525 0.2406250000000001 0.525 0.3437500000000001 0.5953125 0.3437500000000001
0 0.5890625 0.58125 0.5359375 0.58125 0.5359375 0.6765625 0.5890625 0.6765625
0 0.5906250000000001 0.66875 0.5390625 0.66875 0.5390625000000001 0.74375 0.5906250000000002 0.74375
0 0.4953125000000001 0.6640625 0.4421875 0.6640625 0.44218750000000007 0.7359375 0.49531250000000016 0.7359375
0 0.5265625000000002 0.7546875 0.48437500000000017 0.7546875 0.48437500000000017 0.80625 0.5265625000000002 0.80625
0 0.4312500000000001 0.721875 0.3921875000000001 0.721875 0.3921875000000001 0.771875 0.4312500000000002 0.771875
0 0.44531250000000017 0.775 0.42187500000000017 0.775 0.42187500000000017 0.8078125 0.44531250000000017 0.8078125