0 0.33281250000000007 0.878125 0.3046875000000001 0.878125 0.3046875000000001 0.890625 0.33281250000000007 0.890625
0 0.2968750000000001 0.8140625 0.2656250000000001 0.8140625 0.2656250000000001 0.83125 0.2968750000000001 0.83125
0 0.3437500000000001 0.815625 0.3125000000000001 0.815625 0.3125000000000001 0.8375 0.3437500000000001 0.8375
0 0.2640625000000001 0.74375 0.2390625000000001 0.74375 0.2390625000000001 0.75625 0.2640625000000001 0.75625
0 0.2875000000000001 0.7015625 0.2562500000000001 0.7015625 0.2562500000000001 0.7203125 0.2875000000000001 0.7203125
0 0.25468750000000007 0.684375 0.2234375000000001 0.684375 0.2234375000000001 0.6984375 0.25468750000000007 0.6984375
0 0.21250000000000008 0.6765625 0.1828125000000001 0.6765625 0.1828125000000001 0.6953125 0.21250000000000008 0.6953125
0 0.3187500000000001 0.671875 0.2875000000000001 0.671875 0.2875000000000001 0.69375 0.3187500000000001 0.69375
0 0.3828125000000001 0.7734375 0.3593750000000001 0.7734375 0.3593750000000001 0.79375 0.3828125000000001 0.79375
0 0.3656250000000001 0.7515625 0.3421875000000001 0.7515625 0.3421875000000001 0.771875 0.3656250000000001 0.771875
0 0.41718750000000016 0.8984375 0.3890625000000001 0.8984375 0.3890625000000001 0.9140625 0.41718750000000016 0.9140625
0 0.41718750000000016 0.8578125 0.38750000000000007 0.8578125 0.38750000000000007 0.8796875 0.41718750000000016 0.8796875
1 0.2921875 0.228125 0.14843750000000006 0.228125 0.14843750000000006 0.3453125 0.2921875 0.3453125
1 0.29375000000000007 0.4921875 0.25468750000000007 0.4921875 0.25468750000000007 0.521875 0.29375000000000007 0.521875
1 0.2687500000000001 0.4671875 0.22656250000000008 0.4671875 0.22656250000000008 0.4890625 0.2687500000000001 0.4890625
1 0.3062500000000001 0.4484375 0.2765625000000001 0.4484375 0.2765625000000001 0.4734375 0.3062500000000001 0.4734375
1 0.55 0.5890625 0.478125 0.5890625 0.478125 0.64375 0.55 0.64375
1 0.65 0.23593750000000008 0.5578125 0.23593750000000008 0.5578125 0.3218750000000001 0.65 0.3218750000000001
3 0.8375 0.15625000000000008 0.80625 0.15625000000000008 0.80625 0.18125000000000008 0.8375 0.18125000000000008
3 0.803125 0.2296875000000001 0.7828125 0.2296875000000001 0.7828125 0.24218750000000008 0.803125 0.24218750000000008
3 0.8765625 0.2156250000000001 0.8390625 0.2156250000000001 0.8390625 0.24375000000000008 0.8765625 0.24375000000000008
3 0.7359375 0.1296875000000001 0.71875 0.1296875000000001 0.71875 0.14843750000000008 0.7359375 0.14843750000000008
1 0.6421875 0.037500000000000075 0.5234375 0.03750000000000007 0.5234375 0.10468750000000007 0.6421875 0.10468750000000009