1 0.6078125 0.4578125 0.4796875 0.4578125 0.4796875 0.5515625 0.6078125 0.5515625
1 0.15000000000000005 0.3359375 0.04062500000000004 0.3359375 0.04062500000000006 0.5203125 0.15000000000000005 0.5203125
1 0.7890625 0.18750000000000008 0.7078125 0.18750000000000008 0.7078125 0.2406250000000001 0.7890625 0.2406250000000001
1 0.715625 0.3359375000000001 0.6484375 0.3359375000000001 0.6484375 0.3984375000000001 0.715625 0.3984375000000001
2 0.74375 0.5468750000000001 0.690625 0.546875 0.690625 0.5859375000000001 0.74375 0.5859375000000002
1 0.5578125 0.690625 0.4953125 0.690625 0.4953125000000001 0.7359375 0.5578125000000002 0.7359375
0 0.1625000000000001 0.6390625 0.12656250000000008 0.6390625 0.12656250000000008 0.6671875 0.1625000000000001 0.6671875
3 0.4546875 0.35625000000000007 0.39375 0.35625000000000007 0.39375000000000004 0.3968750000000001 0.4546875 0.3968750000000001
3 0.2234375000000001 0.51875 0.16093750000000004 0.51875 0.16093750000000007 0.571875 0.2234375000000001 0.571875
3 0.4890625 0.6140625 0.434375 0.6140625 0.434375 0.66875 0.4890625 0.66875
3 0.49218750000000017 0.784375 0.44062500000000016 0.784375 0.44062500000000016 0.821875 0.49218750000000017 0.821875
3 0.5140625 0.2812500000000001 0.471875 0.2812500000000001 0.471875 0.3359375000000001 0.5140625 0.3359375000000001
3 0.4984375000000002 0.9203125 0.4593750000000002 0.9203125 0.4593750000000002 0.946875 0.4984375000000002 0.946875
3 0.5750000000000002 0.9 0.5203125000000002 0.9 0.5203125000000002 0.9515625 0.5750000000000002 0.9515625