0 0.225000 0.721875 0.218707 0.705094 0.196276 0.713506 0.202568 0.730287
0 0.808048 0.785200 0.801386 0.761881 0.757223 0.774499 0.763886 0.797818
0 0.630100 0.887382 0.614770 0.833726 0.548939 0.852535 0.564269 0.906191
0 0.321875 0.765625 0.283640 0.756066 0.275460 0.788787 0.313695 0.798346
0 0.204688 0.657813 0.181250 0.657813 0.181250 0.685937 0.204688 0.685937
0 0.286187 0.067375 0.283469 0.048344 0.241250 0.054375 0.243969 0.073406
0 0.630000 0.800625 0.613438 0.767500 0.555938 0.796250 0.572500 0.829375
0 0.746447 0.847817 0.735467 0.818536 0.657384 0.847817 0.668365 0.877098
0 0.312625 0.819438 0.286188 0.784188 0.265438 0.799750 0.291875 0.835000
0 0.882031 0.625781 0.867188 0.610938 0.848437 0.629688 0.863281 0.644531
0 0.654687 0.900000 0.647656 0.878906 0.607344 0.892344 0.614375 0.913437
0 0.523438 0.709375 0.508594 0.694531 0.475781 0.727344 0.490625 0.742188
0 0.964781 0.459719 0.950375 0.358875 0.893281 0.367031 0.907687 0.467875
0 0.875894 0.303262 0.860833 0.264103 0.803141 0.286292 0.818202 0.325451
0 0.749375 0.812813 0.738438 0.790937 0.689688 0.815312 0.700625 0.837188
0 0.828125 0.698438 0.807031 0.677344 0.785937 0.698438 0.807031 0.719531
0 0.933389 0.520385 0.905889 0.516947 0.902404 0.544832 0.929904 0.548269
0 0.675625 0.524687 0.662813 0.499062 0.619062 0.520937 0.631875 0.546563
0 0.829917 0.512362 0.802619 0.466866 0.683594 0.538281 0.710892 0.583778
0 0.866707 0.130529 0.825240 0.122236 0.817728 0.159796 0.859195 0.168089
0 0.835802 0.688058 0.753349 0.668002 0.738191 0.730320 0.820643 0.750376
0 0.805000 0.332187 0.794375 0.300313 0.726875 0.322813 0.737500 0.354687
0 0.948346 0.559007 0.917574 0.523107 0.850018 0.581011 0.880790 0.616912
0 0.420000 0.830625 0.413438 0.817500 0.392188 0.828125 0.398750 0.841250
0 0.110337 0.761058 0.097356 0.752404 0.078125 0.781250 0.091106 0.789904
0 0.552297 0.746558 0.535937 0.726562 0.491607 0.762833 0.507967 0.782828
0 0.896224 0.045462 0.888380 0.023051 0.839731 0.040079 0.847574 0.062490
0 0.707188 0.640938 0.695938 0.618438 0.647188 0.642813 0.658438 0.665313
0 0.826194 0.262465 0.816187 0.219101 0.767117 0.230425 0.777124 0.273789
0 0.365239 0.881882 0.336973 0.836657 0.312114 0.852195 0.340379 0.897419
0 0.220312 0.250000 0.171875 0.250000 0.171875 0.284375 0.220312 0.284375
0 0.561580 0.137650 0.552012 0.112136 0.520334 0.124015 0.529902 0.149529
0 0.192812 0.852812 0.179687 0.826562 0.153437 0.839687 0.166563 0.865938
0 0.765625 0.018750 0.748798 0.000000 0.696514 0.028365 0.713341 0.053606
0 0.957812 0.470313 0.884375 0.470313 0.884375 0.512500 0.957812 0.512500
0 0.795000 0.449375 0.778438 0.416250 0.736563 0.437188 0.753125 0.470313
0 0.258594 0.567969 0.245913 0.504567 0.178005 0.518149 0.190685 0.581550
0 0.770312 0.712500 0.740625 0.712500 0.740625 0.732813 0.770313 0.732813
0 0.535625 0.594688 0.528918 0.570096 0.486214 0.581743 0.492921 0.606334
0 0.931614 0.184824 0.914983 0.140475 0.877825 0.154409 0.894456 0.198759
0 0.617080 0.427856 0.602748 0.392026 0.563147 0.407866 0.577478 0.443696
0 0.957019 0.318654 0.948053 0.246923 0.903630 0.252476 0.912596 0.324207
0 0.480827 0.676787 0.468008 0.662543 0.441333 0.686550 0.454152 0.700794
0 0.820680 0.800092 0.793796 0.755285 0.649494 0.841866 0.676379 0.886673
0 0.550781 0.857031 0.539062 0.845313 0.512500 0.871875 0.524219 0.883594
0 0.689844 0.600781 0.646875 0.557813 0.589063 0.615625 0.632031 0.658594
