0 0.64375 0.2531250000000001 0.5546875 0.2531250000000001 0.5546875 0.3234375000000001 0.64375 0.3234375000000001
0 0.7290033284023668 0.31507951183431954 0.6816290680473372 0.29534023668639053 0.6659116124260354 0.33306213017751485 0.7132858727810649 0.35280140532544385
0 0.25843606651376144 0.4893276949541285 0.24649512614678898 0.4671516628440367 0.18499856651376148 0.5002651949541284 0.19693950688073397 0.5224412270642202
0 0.6619108606557378 0.21741803278688523 0.6407786885245902 0.19205942622950817 0.6026639344262295 0.22382172131147543 0.6237961065573769 0.24918032786885252
0 0.5808125000000001 0.5436875000000001 0.53675 0.4849375 0.50275 0.5104374999999999 0.5468125 0.5691875000000001
0 0.6505418577981652 0.7241313073394496 0.5811869266055048 0.6588560779816515 0.5405447247706423 0.7020384174311928 0.6098996559633029 0.7673136467889909
0 0.4061113481228668 0.4581964590443686 0.4017704778156996 0.4212990614334471 0.35190912969283267 0.42716510238907845 0.35624999999999996 0.4640625
0 0.6767624999999998 0.3307875000000001 0.6734374999999998 0.3125 0.6482749999999999 0.317075 0.6516 0.3353625000000001
0 0.39703125 0.41140625000000003 0.38953125 0.38890625 0.35390625 0.40078125 0.36140625000000004 0.42328124999999994
0 0.30156250000000007 0.434375 0.2671875000000001 0.434375 0.2671875000000001 0.45625 0.30156250000000007 0.45625
0 0.5968750000000002 0.8328125 0.5625000000000002 0.8328125 0.5625000000000002 0.85 0.5968750000000002 0.85
0 0.5897804054054054 0.3753800675675677 0.5322635135135135 0.36579391891891905 0.5253378378378379 0.4073479729729731 0.5828547297297298 0.41693412162162174
0 0.6197115384615384 0.48762019230769243 0.6042067307692307 0.4772836538461539 0.5962740384615385 0.4891826923076924 0.6117788461538461 0.49951923076923094
0 0.2623798076923077 0.2959134615384616 0.22241586538461539 0.2879206730769231 0.21856971153846155 0.3071514423076923 0.25853365384615384 0.3151442307692308
0 0.7390625 0.25468750000000007 0.684375 0.25468750000000007 0.684375 0.2953125000000001 0.7390625 0.2953125000000001
0 0.3937500000000001 0.471875 0.3593750000000001 0.471875 0.3593750000000001 0.515625 0.3937500000000001 0.515625
0 0.5206426886792455 0.8372818396226418 0.3968219339622642 0.7237794811320756 0.3269044811320755 0.800053066037736 0.4507252358490568 0.9135554245283022
0 0.434375 0.2562500000000001 0.4 0.2562500000000001 0.4 0.3031250000000001 0.434375 0.3031250000000001
0 0.18306250000000007 0.4970625 0.15506250000000002 0.4760625 0.12937500000000002 0.5103125000000001 0.1573750000000001 0.5313125000000001
0 0.44209375000000006 0.6131562500000001 0.3887187500000001 0.6055312500000001 0.3829687500000001 0.6457812500000001 0.43634375000000014 0.6534062500000001
0 0.3469577205882354 0.2973621323529413 0.27275735294117653 0.2916544117647059 0.26977022058823535 0.3304871323529412 0.34397058823529425 0.3361948529411765
0 0.5734375 0.3531250000000001 0.5034375 0.3181250000000001 0.48249999999999993 0.3600000000000001 0.5525 0.39500000000000013
0 0.6615625 0.11531250000000001 0.6375 0.0671875 0.584375 0.09375000000000004 0.6084375 0.14187500000000006
0 0.6890625 0.51875 0.64609375 0.4757812500000001 0.621875 0.5000000000000002 0.66484375 0.5429687500000001
0 0.4329741379310345 0.3222521551724138 0.4046874999999999 0.3109375 0.38809267241379297 0.3524245689655172 0.41637931034482756 0.363739224137931
0 0.3609375 0.328125 0.2953125 0.328125 0.2953125 0.359375 0.3609375 0.359375
0 0.24896776018099542 0.47167703619909507 0.23935944570135748 0.43751414027149327 0.1418481334841629 0.4649391968325792 0.1514564479638009 0.499102092760181
0 0.6691271551724138 0.24859913793103455 0.5461530172413794 0.23835129310344833 0.5403556034482759 0.3079202586206897 0.6633297413793104 0.31816810344827595
0 0.5379435043668123 0.24317003275109178 0.5102790665938863 0.22201487445414853 0.47377865720524015 0.2697461790393013 0.501443094978166 0.29090133733624457
0 0.7692491834916865 0.6222888212589074 0.7684753562945368 0.5998478325415676 0.715521080760095 0.6016738420427553 0.7162949079572447 0.6241148307600951
0 0.6032274590163936 0.7519979508196724 0.5506787909836067 0.747220799180328 0.5483862704918033 0.772438524590164 0.6009349385245903 0.7772156762295083
0 0.5252676104972375 0.5816470994475138 0.5066212016574585 0.5648653314917127 0.4850224447513812 0.5888639502762432 0.5036688535911602 0.6056457182320443
0 0.6355996621621622 0.9457770270270272 0.6062077702702704 0.9408783783783786 0.6032094594594597 0.9588682432432434 0.6326013513513515 0.9637668918918919
0 0.5234375 0.4671875 0.425 0.4671875 0.425 0.5078125 0.5234375 0.5078125
0 0.46375 0.6771875 0.39312500000000006 0.6418750000000001 0.36968750000000006 0.6887500000000001 0.4403125 0.7240625000000002
0 0.5653949873096447 0.9295923223350254 0.5612785532994924 0.8719622461928935 0.5013166243654823 0.8762452411167514 0.5054330583756346 0.9338753172588833
0 0.6171875 0.17656250000000007 0.52296875 0.14515625000000004 0.5071874999999999 0.19250000000000006 0.6014062499999999 0.2239062500000001
0 0.4027092274678112 0.372941255364807 0.36932001072961385 0.35239404506437777 0.35665906652360524 0.3729680793991417 0.39004828326180263 0.39351528969957095
0 0.4453125 0.18750000000000006 0.409375 0.18750000000000006 0.409375 0.2093750000000001 0.4453125 0.2093750000000001