3 0.28125 0.12656250000000002 0.1765625 0.1265625 0.1765625 0.24375 0.28125 0.24375
0 0.4609375000000001 0.6625 0.3921875000000001 0.6625 0.3921875000000001 0.7796875 0.46093750000000017 0.7796875
0 0.19062500000000004 0.2796875 0.17500000000000004 0.2796875 0.17500000000000004 0.3015625 0.19062500000000004 0.3015625
0 0.30265624999999996 0.05453124999999999 0.29909375 0.02959374999999999 0.27021874999999995 0.03371875 0.27378125 0.05865625
0 0.08186475409836072 0.6073002049180328 0.05458504098360657 0.5745645491803278 0.033990778688524556 0.5917264344262296 0.061270491803278704 0.6244620901639346
0 0.365625 0.21718750000000003 0.34375 0.2171875 0.34375 0.2515625 0.365625 0.2515625000000001
0 0.48875 0.865 0.465625 0.81875 0.44125 0.8309374999999999 0.464375 0.8771875
0 0.4162816011235956 0.7620119382022472 0.3895926966292135 0.7183391853932586 0.37657303370786516 0.7262956460674158 0.4032619382022472 0.7699683988764046
0 0.4875 0.6390625 0.46765624999999994 0.57953125 0.449375 0.5856250000000001 0.4692187499999999 0.64515625
0 0.3373383620689655 0.4308728448275863 0.3292564655172414 0.41201508620689664 0.3011584051724138 0.42405711206896557 0.30924030172413797 0.44291487068965524
0 0.12809267241379313 0.5316379310344828 0.10016163793103457 0.5293103448275862 0.09683189655172421 0.5692672413793103 0.1247629310344828 0.5715948275862068
0 0.4701061320754717 0.7281839622641512 0.4490123820754717 0.7164652122641512 0.4234375000000001 0.7625000000000001 0.4445312500000001 0.7742187500000001
0 0.2860422297297297 0.13299662162162162 0.25017905405405405 0.09542567567567571 0.19473310810810812 0.14835135135135138 0.23059628378378377 0.1859222972972973
0 0.446875 0.553125 0.4296875 0.553125 0.4296875 0.5890625 0.446875 0.5890625
0 0.12500000000000008 0.6875 0.11093750000000009 0.6875 0.11093750000000009 0.715625 0.12500000000000008 0.715625
0 0.2109375 0.03750000000000002 0.19375 0.03750000000000002 0.19375 0.06875000000000002 0.2109375 0.06875000000000002
0 0.41140625000000003 0.6482812499999999 0.39828125 0.6089062499999999 0.38187499999999996 0.6143749999999999 0.39499999999999996 0.6537499999999999
0 0.08046875000000002 0.19453125000000004 0.06328125 0.17734375 0.04296875 0.19765625000000003 0.06015625000000002 0.21484375000000006
0 0.054687500000000056 0.4140625 5.223884002612929e-17 0.4140625 5.769234530358234e-17 0.503125 0.05468750000000007 0.503125
0 0.31718750000000007 0.39375 0.3000000000000001 0.39375 0.3000000000000001 0.4109375 0.31718750000000007 0.4109375
0 0.42381020642201844 0.09823681192660556 0.4130590596330276 0.0950114678899083 0.4052322247706422 0.12110091743119274 0.41598337155963305 0.12432626146788998
0 0.2484375000000001 0.703125 0.2312500000000001 0.703125 0.2312500000000001 0.73125 0.2484375000000001 0.73125
0 0.4968368902439024 0.5043445121951219 0.47187499999999993 0.484375 0.4294969512195121 0.5373475609756098 0.4544588414634146 0.5573170731707316
0 0.16093750000000007 0.5359375 0.14687500000000003 0.5359375 0.14687500000000006 0.575 0.1609375000000001 0.575
0 0.19717060810810813 0.3904138513513514 0.16792652027027027 0.34947212837837843 0.14767736486486488 0.3639358108108109 0.1769214527027027 0.4048775337837839
0 0.07187500000000005 0.36875 0.05312500000000005 0.36875 0.05312500000000005 0.384375 0.07187500000000005 0.384375
0 0.36640625 0.03984375 0.346875 0.02031250000000002 0.33671875 0.030468750000000024 0.35625 0.05
0 0.29215456081081076 0.4704586148648649 0.289866554054054 0.3720743243243243 0.2243859797297297 0.3735971283783784 0.22667398648648648 0.4719814189189189
0 0.04488441780821917 0.624379280821918 0.02594178082191778 0.5738655821917809 0.011386986301369828 0.5793236301369864 0.030329623287671213 0.6298373287671234
0 0.1289200774336283 0.5150511615044248 0.12507605088495574 0.45739076327433636 0.09012721238938053 0.459720685840708 0.09397123893805308 0.5173810840707964
0 0.14687500000000003 0.35 0.11250000000000004 0.35 0.11250000000000004 0.396875 0.14687500000000003 0.396875
0 0.11328125 0.29921875 0.1034375 0.29593749999999996 0.09796875000000002 0.31234375 0.1078125 0.315625
0 0.12578125 0.21640625000000005 0.09921875000000001 0.18984375000000003 0.06640625000000003 0.22265625000000006 0.09296875000000002 0.24921875000000004
0 0.08281250000000005 0.4484375 0.06562500000000004 0.4484375 0.06562500000000006 0.4703125 0.08281250000000007 0.4703125
0 0.2359375 0.209375 0.2109375 0.209375 0.2109375 0.23125 0.2359375 0.23125
0 0.16884615384615387 0.2701442307692308 0.13224038461538462 0.26811057692307694 0.13039903846153847 0.3012548076923077 0.1670048076923077 0.30328846153846156
0 0.27417881389776355 0.15021715255591056 0.25545876597444084 0.14946835063897765 0.2529452875399361 0.21230531150159745 0.27166533546325883 0.21305411341853037
0 0.19056034482758624 0.6254633620689656 0.13528017241379314 0.5763254310344827 0.09769396551724138 0.6186099137931034 0.15297413793103448 0.6677478448275862
0 0.45781250000000007 0.6984375 0.40093750000000006 0.67 0.37750000000000006 0.7168750000000002 0.43437500000000007 0.7453125
0 0.41360649705635 0.7845813183347352 0.36648049831791435 0.7715464676198488 0.34131623212783857 0.8625249684608918 0.3884422308662742 0.8755598191757782
0 0.33137019230769227 0.5603365384615384 0.26454326923076926 0.4600961538461538 0.13076923076923075 0.5492788461538461 0.19759615384615378 0.6495192307692307
0 0.062312500000000014 0.3018125 0.036812500000000026 0.28268750000000004 0.02200000000000002 0.3024375 0.04750000000000001 0.32156250000000003
0 0.2375000000000001 0.6375 0.1937500000000001 0.6375 0.1937500000000001 0.69375 0.2375000000000001 0.69375
0 0.05536057692307692 0.26632211538461537 0.05242788461538461 0.2428605769230769 0.038197115384615385 0.24463942307692305 0.04112980769230769 0.2681009615384615
0 0.19411057692307693 0.32680288461538465 0.17139423076923077 0.31165865384615393 0.15985576923076925 0.32896634615384623 0.18257211538461543 0.344110576923077
0 0.22303125000000001 0.37940625000000006 0.19612500000000005 0.3755625 0.19056250000000002 0.41450000000000004 0.21746875000000002 0.41834375
0 0.2234375000000001 0.4328125 0.19687500000000005 0.4328125 0.19687500000000005 0.496875 0.2234375000000001 0.496875
0 0.09415441176470588 0.5315073529411765 0.08084558823529411 0.4716176470588235 0.05470588235294118 0.47742647058823523 0.06801470588235295 0.5373161764705882
0 0.3234375 0.06250000000000004 0.2921875 0.06250000000000004 0.2921875 0.10625000000000004 0.3234375 0.10625000000000004
0 0.3078125000000001 0.5953125 0.2750000000000001 0.5953125 0.2750000000000001 0.671875 0.3078125000000001 0.671875
0 0.2559603658536585 0.011768292682926845 0.22917682926829266 0.00602896341463417 0.21964176829268292 0.05052591463414637 0.24642530487804876 0.05626524390243905
0 0.03695913461538466 0.3620793269230769 0.004507211538461575 0.3555889423076923 -0.006730769230769196 0.4117788461538462 0.025721153846153887 0.4182692307692307
0 0.13048749999999998 0.037212500000000016 0.12331249999999998 -0.0022499999999999994 0.09595 0.0027249999999999996 0.10312499999999998 0.04218750000000001
0 0.3031250000000001 0.434375 0.26250000000000007 0.434375 0.26250000000000007 0.48125 0.3031250000000001 0.48125
0 0.28464439655172413 0.09073275862068968 0.2698275862068965 0.08480603448275865 0.2586206896551724 0.112823275862069 0.27343749999999994 0.11875000000000002
0 0.1859375 2.2196723234545777e-17 0.171875 2.1335643453895294e-17 0.171875 0.03750000000000002 0.1859375 0.03750000000000002
0 0.38097426470588236 0.09016544117647061 0.3614889705882353 0.08529411764705885 0.35441176470588237 0.11360294117647063 0.3738970588235294 0.11847426470588238
0 0.434375 0.5859375 0.4140625 0.5859375 0.4140625 0.63125 0.434375 0.63125
0 0.384375 0.11718750000000004 0.3625 0.11718750000000004 0.3625 0.14218750000000005 0.384375 0.14218750000000005
0 0.10625000000000004 0.3453125 0.07812500000000004 0.3453125 0.07812500000000004 0.3765625 0.10625000000000004 0.3765625
0 0.20784374999999997 0.44396874999999997 0.20481249999999998 0.42275000000000007 0.18665625 0.42534375000000013 0.18968749999999998 0.44656250000000003
0 0.3983455882352941 0.6550551470588235 0.38469669117647054 0.6323069852941176 0.34885110294117644 0.653814338235294 0.3625 0.6765625
0 0.1828125000000001 0.64375 0.1609375000000001 0.64375 0.1609375000000001 0.6921875 0.1828125000000001 0.6921875