1 0.5156250000000001 0.5875 0.18906250000000008 0.5875 0.18906250000000008 0.734375 0.5156250000000002 0.734375
0 0.2484375000000001 0.9515625 0.2234375000000001 0.9515625 0.2234375000000001 0.96875 0.2484375000000001 0.96875
0 0.6359759221311475 0.21051485655737717 0.5830046106557376 0.20569928278688537 0.5802638319672131 0.2358478483606558 0.6332351434426229 0.2406634221311476
0 0.59140625 0.6070312500000001 0.5499999999999999 0.565625 0.5078125 0.6078125 0.5492187500000001 0.6492187500000001
0 0.6015625000000001 0.4687500000000001 0.58515625 0.4523437500000001 0.5734375 0.46406250000000016 0.58984375 0.48046875000000017
0 0.5515625 0.21250000000000008 0.525 0.21250000000000008 0.525 0.22812500000000008 0.5515625 0.22812500000000008
0 0.5531250000000001 0.29375000000000007 0.53046875 0.2710937500000001 0.515625 0.2859375000000001 0.53828125 0.3085937500000001
0 0.4372513361045131 0.7634612529691213 0.4117391627078385 0.7361267814726842 0.370208580760095 0.7748886579572447 0.3957207541567696 0.8022231294536818
0 0.4921875000000001 0.7140625 0.4671875 0.7140625 0.4671875000000001 0.734375 0.49218750000000017 0.734375
0 0.5682500000000001 0.7441250000000001 0.5525000000000001 0.7418750000000002 0.5507500000000001 0.7541250000000002 0.5665000000000002 0.7563750000000002
0 0.875 0.4906250000000002 0.840625 0.4906250000000002 0.840625 0.5109375000000002 0.875 0.5109375000000002
0 0.7786637931034482 0.8689655172413792 0.7671875 0.8421875 0.7240032327586208 0.8606950431034484 0.735479525862069 0.8874730603448274
0 0.8125625 0.5855000000000002 0.7913437500000001 0.5824687500000001 0.7873750000000002 0.6102500000000003 0.80859375 0.6132812500000002
0 0.80625 0.06250000000000008 0.7765625 0.06250000000000008 0.7765625 0.09531250000000009 0.80625 0.09531250000000009
0 0.7022115384615384 0.2429326923076923 0.7010144230769231 0.22138461538461537 0.6414759615384614 0.2246923076923077 0.6426730769230768 0.2462403846153846