0 0.603125 0.07343750000000007 0.5765625 0.07343750000000007 0.5765625 0.09062500000000007 0.603125 0.09062500000000007
0 0.375 0.03750000000000005 0.121875 0.037500000000000026 0.121875 0.11093750000000002 0.375 0.11093750000000005
0 0.6734375000000001 0.9859375 0.6406250000000002 0.9859375 0.6406250000000002 0.9984375 0.6734375000000001 0.9984375
0 0.4072716346153847 0.585516826923077 0.35949519230769245 0.5759615384615385 0.3531250000000001 0.6078125 0.4009014423076923 0.6173677884615385
0 0.7750000000000001 0.8765625 0.7187500000000002 0.8765625 0.7187500000000002 0.9125 0.7750000000000001 0.9125
0 0.8569374999999999 0.8641874999999999 0.8532187499999999 0.8381562499999999 0.7952499999999999 0.8464374999999998 0.7989687499999999 0.8724687499999998
0 0.253125 0.37343750000000003 0.24569575471698107 0.347435141509434 0.1953419811320755 0.36182193396226425 0.20277122641509435 0.38782429245283023
0 0.6793826219512196 0.8706935975609756 0.6325076219512196 0.8331935975609757 0.5629954268292683 0.9200838414634147 0.6098704268292684 0.9575838414634147
0 0.6430086678832116 0.16007071167883222 0.6131729014598539 0.07802235401459863 0.4361541970802919 0.14239279197080296 0.4659899635036496 0.22444114963503656
0 0.6851562500000001 0.7539062500000002 0.6132812500000001 0.6820312500000001 0.515625 0.7796875000000002 0.5875000000000001 0.8515625000000002
0 0.5484375 0.4453125 0.5015625 0.4453125 0.5015625 0.465625 0.5484375 0.465625
0 0.4371217394490035 0.1556482634818288 0.42648373388042204 0.06841661781946072 0.37346131301289565 0.07488276670574442 0.3840993185814771 0.16211441236811253
0 0.915625 0.98125 0.9143864329268293 0.9701028963414633 0.8902057926829267 0.9727896341463413 0.8914443597560975 0.9839367378048781
0 0.9722696520618557 0.7045989046391753 0.9526900773195877 0.6970682989690722 0.9387967139175257 0.7331910438144332 0.9583762886597939 0.7407216494845363
0 0.4779125000000001 0.9628875000000001 0.44738750000000016 0.9573375000000002 0.44456250000000014 0.9728750000000002 0.47508750000000005 0.978425
0 0.5879807692307694 0.38665865384615394 0.5709134615384617 0.36105769230769236 0.5471153846153847 0.37692307692307697 0.5641826923076924 0.4025240384615385
0 0.8679834905660375 0.7566922169811321 0.8641509433962262 0.7432783018867923 0.8492924528301884 0.7475235849056603 0.8531249999999997 0.7609375
0 0.57890625 0.54296875 0.5480625 0.5385625 0.54459375 0.5628437500000001 0.5754375 0.56725
0 0.22283653846153845 0.10168269230769238 0.2051682692307692 0.0899038461538462 0.1924278846153846 0.1090144230769231 0.21009615384615388 0.1207932692307693
0 0.2566307578008916 0.5451035475482915 0.2027512072808321 0.5169924777117385 0.19372446136701338 0.5342937407132246 0.24760401188707287 0.5624048105497772
0 0.2703125 0.6234374999999999 0.26359375 0.60328125 0.23781250000000004 0.611875 0.24453125 0.6320312499999999
0 0.465625 0.3500000000000001 0.4125 0.3500000000000001 0.4125 0.3750000000000001 0.465625 0.3750000000000001
0 0.5578125000000002 0.9 0.5312500000000002 0.9 0.5312500000000002 0.921875 0.5578125000000002 0.921875
0 0.4210706967213114 0.8929098360655738 0.39098872950819674 0.8797489754098361 0.3810911885245901 0.9023719262295081 0.41117315573770485 0.9155327868852459
0 0.7418068342776204 0.10661296033994346 0.7277487606232295 0.07673955382436266 0.6731940509915013 0.10241235835694056 0.6872521246458924 0.13228576487252136
0 0.5444217850287909 0.7344319817658351 0.4792826295585413 0.6986054462571978 0.46110544625719774 0.7316548704414588 0.5262446017274474 0.7674814059500962
0 0.7034183254200148 0.4734934258582908 0.603071356829803 0.4390887509130753 0.5843898374726079 0.49357651570489425 0.6847368060628197 0.5279811906501097
0 0.4812114726027398 0.04260273972602739 0.47930222602739725 0.024464897260273955 0.4296875 0.029687499999999995 0.43159674657534247 0.047825342465753436
0 0.69453125 0.9742187500000001 0.6907812499999999 0.9629687499999999 0.6654687499999999 0.9714062499999999 0.66921875 0.9826562500000001
0 0.3657932692307692 0.49365384615384633 0.35627403846153843 0.4769951923076924 0.32699519230769225 0.4937259615384616 0.3365144230769231 0.5103846153846155
0 0.3781250000000001 0.7921875 0.3515625000000001 0.7921875 0.3515625000000001 0.8078125 0.3781250000000001 0.8078125
0 0.7109375000000002 0.9859375 0.6718750000000002 0.9859375 0.6718750000000002 0.9984375 0.7109375000000002 0.9984375
0 0.18437500000000007 0.4359375 0.1600000000000001 0.42374999999999996 0.15406250000000005 0.43562500000000004 0.17843750000000005 0.44781250000000006
0 0.471875 0.6015625 0.43125 0.6015625 0.43125 0.63125 0.471875 0.63125
0 0.55 0.03125000000000007 0.5296875 0.03125000000000007 0.5296875 0.03750000000000007 0.55 0.03750000000000007
0 0.4919368251060548 0.41136955264172775 0.32553690223679144 0.3524362466255303 0.29219292325491714 0.44658395198611656 0.45859284612418055 0.5055172580023141
0 0.3282724056603775 0.6377653301886792 0.3028891509433964 0.6305129716981133 0.29610849056603794 0.654245283018868 0.321491745283019 0.661497641509434
0 0.7109375000000002 0.9859375 0.6406250000000002 0.9859375 0.6406250000000002 0.9984375 0.7109375000000002 0.9984375
0 0.95703125 0.86953125 0.9307812500000002 0.8607812500000002 0.9278125000000002 0.8696875000000002 0.9540624999999998 0.8784375000000001
0 0.8878125000000001 0.9165625000000002 0.8646874999999999 0.9050000000000002 0.8581249999999999 0.9181250000000002 0.88125 0.9296875000000002
0 0.5922794117647059 0.8659926470588235 0.5857536764705882 0.8398897058823527 0.5578125 0.8468749999999998 0.5643382352941175 0.8729779411764707
0 0.5093750000000001 0.8453125 0.4656250000000002 0.8453125 0.4656250000000002 0.8609375 0.5093750000000001 0.8609375
0 0.470890534682081 0.893117774566474 0.4342575867052025 0.8874819364161851 0.4320177023121389 0.9020411849710985 0.46865065028901737 0.9076770231213874
0 0.1876720183486238 0.3536983944954128 0.1803182339449541 0.32918577981651376 0.13530676605504585 0.34268922018348624 0.14266055045871556 0.3672018348623853
0 0.5225360576923077 0.24393028846153847 0.5173677884615385 0.21808894230769224 0.47259615384615383 0.22704326923076917 0.4777644230769231 0.2528846153846154
0 0.5411443409742118 0.11594287249283663 0.530872134670487 0.06329781518624643 0.4368159025787965 0.08165025071633239 0.44708810888252143 0.1342953080229226
0 0.767046618852459 0.5093878073770491 0.7652920081967212 0.49008709016393437 0.7179559426229507 0.494390368852459 0.7197105532786885 0.5136910860655737
0 0.5171336206896552 0.2772090517241379 0.5045258620689655 0.2456896551724137 0.466271551724138 0.2609913793103448 0.47887931034482756 0.292510775862069
0 0.7937500000000002 0.9265625000000002 0.7859375 0.91875 0.7703125 0.934375 0.7781250000000002 0.9421875000000002
0 0.4975961538461539 0.6995192307692308 0.46334134615384626 0.6926682692307693 0.4599158653846155 0.709795673076923 0.4941706730769232 0.7166466346153847
0 0.3500000000000001 0.8546875 0.3218750000000001 0.8546875 0.3218750000000001 0.8703125 0.3500000000000001 0.8703125
0 0.6192307692307693 0.4210336538461538 0.6091346153846154 0.4058894230769231 0.5867788461538461 0.42079326923076926 0.596875 0.4359375
0 0.8390625 0.9296875 0.7984375000000001 0.9296875 0.7984375000000001 0.9515625 0.8390625 0.9515625
0 0.6037740384615384 0.9833173076923079 0.6017548076923077 0.9671634615384616 0.5873317307692307 0.968966346153846 0.5893509615384614 0.9851201923076923
0 0.9268486334320152 0.3140096347007824 0.6618282802918165 0.08466509832945665 0.5023055878621274 0.26900243180376415 0.7673259410023261 0.4983469681750899
0 0.53125 0.3281250000000001 0.4796875 0.3281250000000001 0.4796875 0.3531250000000001 0.53125 0.3531250000000001
0 0.334577205882353 0.8733088235294117 0.3084375 0.8674999999999999 0.30619485294117643 0.8775919117647059 0.33233455882352947 0.8834007352941177
0 0.7352370689655172 0.8021551724137932 0.699676724137931 0.7648168103448277 0.6505555142687276 0.8115989149821644 0.6861158590963139 0.8489372770511299
0 0.43753803245436096 0.15496640466531442 0.4258430527383366 0.06920322008113593 0.37257226166328594 0.07646741886409739 0.38426724137931034 0.1622306034482759
0 0.30156250000000007 0.153125 0.28737980769230775 0.13185096153846154 0.2563701923076923 0.15252403846153845 0.2705528846153847 0.17379807692307692
0 0.4408052884615385 0.9790264423076922 0.4376802884615385 0.9634014423076923 0.40673076923076934 0.9695913461538461 0.4098557692307693 0.985216346153846
0 0.99375 0.7093750000000002 0.9796875 0.7093750000000002 0.9796875 0.7265625000000002 0.99375 0.7265625000000002
0 0.34806985294117654 0.9047794117647058 0.33129595588235305 0.8947150735294118 0.32578125000000013 0.90390625 0.3425551470588236 0.913970588235294
0 0.9135775862068968 0.8714439655172417 0.8828394396551726 0.8582704741379311 0.8771012931034484 0.8716594827586208 0.9078394396551726 0.8848329741379313
0 0.73125 0.5859375000000001 0.71875 0.5734375 0.69375 0.5984375000000002 0.70625 0.6109375000000001
0 0.324366554054054 0.8961993243243243 0.3224239864864865 0.8845439189189189 0.3039273648648649 0.8876266891891893 0.30586993243243243 0.8992820945945945
0 0.539375 0.8087500000000001 0.52765625 0.77359375 0.438125 0.8034374999999999 0.44984375 0.8385937499999999
0 0.654353077393267 0.5815964712243746 0.6308767867218357 0.5316146910851984 0.5027124083129585 0.5918131112469438 0.5261886989843897 0.6417948913861201
0 0.19244087837837842 0.5999577702702703 0.16953125000000005 0.5835937500000001 0.15316722972972982 0.6065033783783784 0.1760768581081082 0.6228673986486488
0 0.7292487157534246 0.5602846746575343 0.7016374143835616 0.49953981164383565 0.502568493150685 0.5900256849315069 0.530179794520548 0.6507705479452055
0 0.7710726351351351 0.9514358108108109 0.7671030405405406 0.9276182432432434 0.7062922297297297 0.9377533783783785 0.7102618243243244 0.9615709459459459
0 0.2619202488687783 0.40693580316742084 0.2349971719457013 0.39732041855203626 0.22976527149321263 0.4119697398190046 0.2566883484162896 0.42158512443438917
0 0.34965799356223176 0.5476864270386267 0.3393575643776824 0.530948229613734 0.30718884120171674 0.5507443669527897 0.31748927038626606 0.5674825643776825
0 0.46876396960214584 0.29042453620920883 0.3877318953956191 0.27104730107286545 0.3780893775145283 0.31137055766651767 0.45912145172105506 0.330747792802861
0 0.29304756637168144 0.11258849557522128 0.24763274336283186 0.10074115044247792 0.24222345132743364 0.12147676991150447 0.2876382743362832 0.13332411504424785