0 0.496875 0.2921875000000001 0.409375 0.2921875000000001 0.409375 0.3734375000000001 0.496875 0.3734375000000001
0 0.20620689655172422 0.12082974137931039 0.17400862068965522 0.11814655172413797 0.17230603448275866 0.13857758620689659 0.2045043103448277 0.14126077586206903
0 0.4481490384615384 0.14269230769230776 0.39497596153846154 0.11230769230769237 0.35795673076923074 0.17709134615384622 0.41112980769230767 0.2074759615384616
0 0.21634615384615388 0.42451923076923076 0.17968750000000006 0.4171875 0.1775240384615385 0.42800480769230775 0.21418269230769232 0.4353365384615385
0 0.5399324888641426 0.5848517538975502 0.522247355233853 0.5343228006681514 0.4890485801781737 0.5459423719376393 0.5067337138084632 0.5964713251670378
0 0.7354903017241379 0.23135237068965528 0.709364224137931 0.20924568965517248 0.666395474137931 0.2600269396551725 0.6925215517241379 0.2821336206896553
0 0.28375 0.09093750000000003 0.2682812499999999 0.08578125000000003 0.2629687499999999 0.10171875000000004 0.2784375 0.10687500000000003
0 0.171875 0.32499999999999996 0.1615625 0.304375 0.14218750000000002 0.3140625 0.15250000000000002 0.33468749999999997
0 0.2941250000000001 0.3223750000000001 0.24621875000000007 0.3155312500000001 0.24153125000000006 0.34834375000000006 0.2894375000000001 0.3551875000000001
0 0.784375 0.23437500000000008 0.7578125 0.23437500000000008 0.7578125 0.2515625000000001 0.784375 0.2515625000000001
0 0.3749080882352941 0.25661764705882356 0.2807904411764706 0.23308823529411765 0.2699448529411765 0.27647058823529413 0.36406249999999996 0.30000000000000004
0 0.4369951923076923 0.06689903846153852 0.4065384615384615 0.04949519230769237 0.3676923076923077 0.1174759615384616 0.3981490384615385 0.13487980769230776
0 0.5694587628865978 0.14534471649484543 0.5572809278350513 0.11794458762886602 0.5184278350515463 0.1352126288659794 0.5306056701030928 0.1626127577319588
0 0.38825688073394504 0.5018979357798166 0.30629300458715597 0.48764334862385333 0.30215309633027526 0.5114478211009176 0.3841169724770643 0.5257024082568809
0 0.5396119077306734 0.48119934538653375 0.47633260598503746 0.47803538029925197 0.475 0.5046875000000001 0.5382793017456359 0.5078514650872819
0 0.23483455882352938 0.36902573529411764 0.2301470588235294 0.3502757352941176 0.19852941176470584 0.3581801470588235 0.20321691176470588 0.3769301470588235
0 0.42739255014326644 0.38351181948424073 0.35933022922636104 0.3220361747851004 0.32743911174785106 0.35734419770773646 0.39550143266475646 0.41881984240687686
0 0.3774130917159763 0.7126664201183431 0.36932322485207103 0.6932507396449704 0.32727440828402365 0.7107710798816569 0.335364275147929 0.7301867603550296
0 0.8388221153846154 0.38870192307692303 0.8063701923076924 0.34002403846153845 0.7389423076923076 0.3849759615384616 0.7713942307692307 0.43365384615384617
0 0.68359375 0.2851562500000001 0.66953125 0.2710937500000001 0.63984375 0.3007812500000001 0.65390625 0.3148437500000001
0 0.5400304203539824 0.7136061946902654 0.4817477876106195 0.7097206858407079 0.48065542035398234 0.7261061946902655 0.5389380530973453 0.729991703539823
0 0.3284781678082192 0.20016053082191787 0.3037564212328767 0.18892337328767128 0.2910209760273973 0.21694135273972606 0.3157427226027397 0.22817851027397262
0 0.2953125000000001 0.4140625 0.2453125000000001 0.4140625 0.2453125000000001 0.4359375 0.2953125000000001 0.4359375
0 0.13281250000000003 0.2375 0.09468750000000004 0.2184375 0.08343750000000004 0.24093750000000003 0.12156250000000002 0.26
0 0.11507601351351353 0.08298141891891894 0.08923141891891893 0.07867398648648649 0.08331925675675678 0.11414695945945948 0.10916385135135138 0.11845439189189191
0 0.8859375 0.6187500000000001 0.8625 0.6187500000000001 0.8625 0.6312500000000002 0.8859375 0.6312500000000002
0 0.7776562499999999 0.35015625 0.771875 0.33281249999999996 0.7123437499999999 0.35265625 0.7181249999999999 0.37
0 0.7008894230769231 0.5288221153846154 0.6699278846153847 0.5249519230769232 0.6664423076923077 0.5528365384615386 0.6974038461538462 0.5567067307692308
0 0.8421875 0.2484375000000001 0.8140625 0.2484375000000001 0.8140625 0.2796875000000001 0.8421875 0.2796875000000001
0 0.7 0.1296875000000001 0.678125 0.1296875000000001 0.678125 0.1531250000000001 0.7 0.1531250000000001
0 0.5538594890510948 0.19313640510948907 0.5360401459854014 0.174327098540146 0.49109717153284677 0.2169046532846715 0.5089165145985401 0.23571395985401455
0 0.5068509615384615 0.3170673076923078 0.4387019230769231 0.27163461538461553 0.4009615384615384 0.32824519230769245 0.4691105769230769 0.3736778846153847
0 0.6692307692307693 0.6289663461538462 0.6603365384615385 0.5844951923076923 0.57890625 0.60078125 0.5878004807692307 0.6452524038461538
0 0.5762019230769231 0.08725961538461538 0.565625 0.06875 0.5237259615384615 0.09269230769230771 0.5343028846153846 0.11120192307692309
0 0.6312500000000002 0.7328125 0.5625000000000002 0.7328125 0.5625000000000002 0.7546875 0.6312500000000002 0.7546875
0 0.6139374999999999 0.6819375 0.6111249999999999 0.66225 0.5479062499999999 0.6712812499999999 0.5507187499999999 0.6909687499999999
0 0.7186156449044587 0.47016819267515925 0.7132663216560511 0.45198049363057324 0.6728304140127388 0.4638734076433121 0.6781797372611466 0.4820611066878982
0 0.5117392194323143 0.042341020742358106 0.4873805949781659 0.02371383733624457 0.4562465884279476 0.064427538209607 0.480605212882096 0.08305472161572054
0 0.7491452205882354 0.6279503676470589 0.7474172794117647 0.6054871323529412 0.696875 0.609375 0.6986029411764706 0.6318382352941176
0 0.3180840163934427 0.3713883196721312 0.25778688524590165 0.365906762295082 0.2548027663934427 0.39873206967213115 0.31509989754098366 0.4042136270491804
0 0.2823126574307305 0.15336508186397987 0.2739058564231738 0.1267435453400504 0.21565255037783376 0.14513932619647357 0.2240593513853904 0.17176086272040306
0 0.8569711538461539 0.2364182692307692 0.8515024038461538 0.20907451923076925 0.8289663461538461 0.21358173076923076 0.8344350961538461 0.24092548076923076
0 0.746418795620438 0.2903170620437957 0.7146783759124088 0.27877509124087596 0.7009466240875912 0.3165374087591241 0.7326870437956204 0.32807937956204386
0 0.6808943965517241 0.17229525862068967 0.6791163793103447 0.15095905172413795 0.6495043103448275 0.15342672413793107 0.6512823275862069 0.1747629310344828
0 0.3278125 0.1665625 0.31124999999999997 0.1334375 0.29437499999999994 0.14187500000000003 0.3109375 0.17500000000000004
0 0.5314338235294118 0.9038602941176469 0.5270220588235295 0.8862132352941176 0.4869485294117647 0.8962316176470587 0.4913602941176471 0.9138786764705881
3 0.45625 0.528125 0.3843750000000001 0.528125 0.3843750000000001 0.58125 0.45625 0.58125
3 0.44375 0.596875 0.3500000000000001 0.596875 0.3500000000000001 0.6546875 0.44375 0.6546875
3 0.503125 0.571875 0.43125 0.571875 0.43125 0.646875 0.503125 0.646875