0 0.5 0.471875 0.43125 0.471875 0.43125 0.5453125 0.5 0.5453125
0 0.6328125000000001 0.725 0.5671875 0.725 0.5671875000000001 0.7734375 0.6328125000000002 0.7734375
0 0.7765625000000002 0.753125 0.7203125000000001 0.753125 0.7203125000000001 0.7906250000000001 0.7765625000000002 0.7906250000000001
0 0.7453125000000002 0.928125 0.7125000000000001 0.928125 0.7125000000000001 0.96875 0.7453125000000002 0.96875
0 0.7500000000000002 0.828125 0.6937500000000002 0.828125 0.6937500000000002 0.8625 0.7500000000000002 0.8625
0 0.3578125 0.2140625 0.2875 0.2140625 0.2875 0.2703125 0.3578125 0.2703125
0 0.221875 0.15000000000000002 0.178125 0.15 0.17812500000000003 0.19687500000000002 0.221875 0.19687500000000005
0 0.3640625 0.12968750000000004 0.3125 0.12968750000000004 0.3125 0.16562500000000005 0.3640625 0.16562500000000005
0 0.525 0.2828125000000001 0.475 0.2828125000000001 0.475 0.33281250000000007 0.525 0.33281250000000007
0 0.4625 0.16250000000000003 0.4234375 0.16250000000000003 0.4234375 0.19687500000000005 0.4625 0.19687500000000005
0 0.4203125 0.41875 0.3203125000000001 0.41875 0.3203125000000001 0.490625 0.4203125 0.490625
0 0.5875 0.3671875000000001 0.546875 0.3671875000000001 0.546875 0.403125 0.5875 0.403125
0 0.628125 0.6578125 0.575 0.6578125 0.575 0.696875 0.628125 0.696875
0 0.6640625 0.5359375 0.6125 0.5359375 0.6125 0.584375 0.6640625 0.584375