3 0.5828125 0.15468750000000006 0.4390625 0.15468750000000003 0.4390625 0.3109375000000001 0.5828125 0.3109375000000001
3 0.47437500000000005 0.9018750000000001 0.460625 0.874375 0.44875 0.8803125000000002 0.4625 0.9078125000000001
3 0.6090191831683169 0.12855816831683176 0.5859684405940595 0.12625309405940605 0.5822865099009902 0.1630724009900991 0.6053372524752476 0.16537747524752486
3 0.609271816037736 0.8929982311320754 0.5843307783018868 0.8791420990566039 0.5774027122641511 0.8916126179245284 0.6023437500000001 0.90546875
3 0.8234375 0.16562500000000008 0.803125 0.16562500000000008 0.803125 0.1984375000000001 0.8234375 0.1984375000000001
3 0.5368124999999999 0.12356250000000005 0.5120937499999999 0.12003125000000006 0.5075312499999999 0.15196875000000007 0.5322499999999999 0.15550000000000005
3 0.5828125 0.5125 0.5625 0.5125 0.5625 0.5328125 0.5828125 0.5328125
3 0.7027181509584663 0.33201627396166133 0.7 0.2640625 0.6527630790734824 0.2659519768370607 0.6554812300319488 0.33390575079872203
3 0.5046875000000002 0.9125 0.4968750000000002 0.9125 0.4968750000000002 0.925 0.5046875000000002 0.925
3 0.44175000000000003 0.560875 0.41900000000000015 0.557625 0.4166562500000001 0.5740312500000002 0.43940625000000005 0.5772812500000002
3 0.4609375 0.3343750000000001 0.440625 0.3343750000000001 0.440625 0.3531250000000001 0.4609375 0.3531250000000001
3 0.5292067307692307 0.5039663461538461 0.5164663461538461 0.4848557692307692 0.4962740384615384 0.49831730769230764 0.509014423076923 0.5174278846153845
3 0.6976562500000001 0.8132812500000002 0.675 0.7906250000000001 0.6609375000000001 0.8046875000000002 0.6835937500000001 0.8273437500000002
3 0.3268084016393444 0.730204918032787 0.28831454918032795 0.7211475409836066 0.28349897540983615 0.7416137295081968 0.3219928278688526 0.7506711065573771
3 0.3976831896551724 0.15123922413793106 0.38873922413793105 0.12887931034482758 0.3698814655172414 0.13642241379310344 0.37882543103448274 0.15878232758620692
3 0.575 0.007812500000000068 0.553125 0.007812500000000066 0.553125 0.028125000000000067 0.575 0.028125000000000067
3 0.5571514423076925 0.48419471153846166 0.5539062500000002 0.46796875 0.5349759615384616 0.47175480769230776 0.5382211538461539 0.48798076923076933