2 0.6765625 0.4578125 0.625 0.4578125 0.625 0.5109375 0.6765625 0.5109375
2 0.7583391853932584 0.3977176966292136 0.7128072331460673 0.38721032303370795 0.7087780898876404 0.4046699438202248 0.7543100421348314 0.4151773174157304
2 0.865625 0.14218750000000008 0.834375 0.14218750000000008 0.834375 0.1515625000000001 0.865625 0.1515625000000001
2 0.8640625 0.19843750000000013 0.8359375 0.17031250000000014 0.82109375 0.18515625000000013 0.84921875 0.21328125000000014
2 0.669426554568528 0.34818448604060925 0.6441592639593908 0.33770780456852795 0.5688539022842639 0.5193266180203047 0.594121192893401 0.5298032994923859
2 0.540625 0.425 0.5125 0.425 0.5125 0.4484375 0.540625 0.4484375
2 0.6325000000000001 0.7803125 0.624375 0.7559374999999999 0.59765625 0.7648437499999999 0.6057812499999999 0.78921875
2 0.7223125 0.6999375000000002 0.6980625 0.6817500000000003 0.6900000000000001 0.6925000000000002 0.71425 0.7106875000000002
2 0.965625 0.4546875000000002 0.940625 0.4546875000000002 0.940625 0.4703125000000002 0.965625 0.4703125000000002
2 0.59828125 0.2504687500000001 0.5682812499999998 0.24046875000000006 0.5649999999999998 0.25031250000000005 0.595 0.26031250000000006
2 0.81671875 0.64671875 0.7937499999999998 0.6390625 0.7895312499999998 0.65171875 0.8125 0.659375
2 0.3823557692307693 0.6192788461538462 0.36043269230769226 0.6165384615384616 0.35865384615384616 0.6307692307692307 0.3805769230769232 0.6335096153846154
2 0.6358173076923077 0.2431490384615385 0.6149038461538462 0.22920673076923084 0.6076923076923076 0.24002403846153855 0.6286057692307692 0.2539663461538463
2 0.462125 0.7166875000000001 0.44824264705882355 0.7054080882352942 0.4217647058823529 0.7379963235294118 0.43564705882352933 0.7492757352941177
2 0.9609375 0.17812500000000014 0.9359375 0.17812500000000014 0.9359375 0.18593750000000014 0.9609375 0.18593750000000014
2 0.4309742647058824 0.7026654411764707 0.4070772058823529 0.6966911764705882 0.40211397058823534 0.7165441176470588 0.4260110294117648 0.7225183823529412
2 0.5599999999999999 0.260625 0.543125 0.255 0.5395312499999999 0.26578124999999997 0.55640625 0.27140624999999996
2 0.459375 0.4875 0.428125 0.4875 0.428125 0.5109375 0.459375 0.5109375
2 0.9403124999999998 0.35375000000000006 0.9290624999999999 0.348125 0.925 0.35625000000000007 0.9362499999999999 0.3618750000000001
2 0.8278125 0.48812500000000003 0.6578125 0.403125 0.568125 0.5825 0.7381249999999999 0.6675000000000001
2 0.7150000000000001 0.21843750000000012 0.7012499999999999 0.21156250000000004 0.6853125 0.24343750000000006 0.6990624999999999 0.2503125000000001
2 0.3840625 0.7724999999999999 0.37906249999999997 0.7574999999999998 0.35609375 0.7651562499999999 0.36109374999999994 0.7801562499999999
2 0.9322942450495046 0.25752629950495065 0.9005491955445543 0.21872679455445562 0.8859142945544554 0.23070080445544572 0.9176593440594057 0.2695003094059408