0 0.36893382352941184 0.819577205882353 0.3516544117647059 0.8152573529411766 0.3473345588235294 0.8325367647058824 0.3646139705882354 0.8368566176470589
0 0.2682898116438356 0.5093000856164384 0.25978167808219177 0.4905821917808219 0.23164597602739723 0.503371147260274 0.24015410958904107 0.5220890410958905
0 0.4 0.08125000000000004 0.3875 0.08125000000000004 0.3875 0.10156250000000004 0.4 0.10156250000000004
0 0.5516105769230769 0.40069711538461544 0.5357932692307693 0.3916586538461539 0.5286778846153847 0.40411057692307706 0.5444951923076923 0.4131490384615386
0 0.31573604060913707 0.48594543147208125 0.28342322335025383 0.48363737309644667 0.2824952411167513 0.49662912436548223 0.3148080583756345 0.4989371827411168
0 0.2532996323529411 0.2996047794117647 0.24654411764705877 0.28898897058823525 0.2176286764705882 0.3073897058823529 0.22438419117647052 0.31800551470588234
0 0.4203125 0.3765625000000001 0.4078125 0.3765625000000001 0.4078125 0.4015625 0.4203125 0.4015625
0 0.6941227064220182 0.7767631880733943 0.6899512614678898 0.762858371559633 0.6698824541284404 0.7688790137614678 0.6740538990825687 0.782783830275229
0 0.35625 0.14531250000000004 0.34296875 0.13203125 0.32968749999999997 0.1453125 0.34296875 0.15859375000000006
0 0.353125 0.2609375 0.34468750000000004 0.24406250000000002 0.31843750000000004 0.2571875 0.32687499999999997 0.2740625
0 0.41640625 0.88671875 0.40546875 0.8757812500000002 0.3921875 0.8890625000000002 0.403125 0.9
0 0.6286856617647059 0.2588511029411765 0.6277389705882352 0.2465441176470588 0.6030055147058824 0.24844669117647059 0.6039522058823529 0.2607536764705883
0 0.4806992827868853 0.7298796106557377 0.4778560450819672 0.6986039959016394 0.4571465163934426 0.7004866803278689 0.4599897540983607 0.7317622950819672
0 0.43125 0.440625 0.4078125 0.440625 0.4078125 0.4640625 0.43125 0.4640625
0 0.6371394230769231 0.7669471153846155 0.6237980769230769 0.7580528846153847 0.6141826923076923 0.7724759615384615 0.6275240384615385 0.7813701923076923
0 0.3859375000000001 0.853125 0.3656250000000001 0.853125 0.3656250000000001 0.871875 0.3859375000000001 0.871875
0 0.30156250000000007 0.7484375000000002 0.28828125 0.73515625 0.275 0.7484375 0.2882812500000001 0.7617187500000002
0 0.33687500000000015 0.7362500000000001 0.32046875000000014 0.73078125 0.31437500000000007 0.7490625000000001 0.3307812500000001 0.7545312500000001
0 0.18386249999999998 0.44796250000000004 0.17996249999999997 0.4265125 0.156175 0.4308375 0.160075 0.45228750000000006
0 0.4495404411764706 0.1518382352941176 0.4464889705882353 0.13810661764705878 0.42564338235294114 0.14273897058823526 0.4286948529411764 0.15647058823529408
0 0.46953125000000007 0.5320312500000001 0.45781250000000007 0.5203125000000001 0.4468750000000001 0.5312500000000001 0.4585937500000001 0.5429687500000001
0 0.3775675675675676 0.4583445945945946 0.37331081081081086 0.44451013513513515 0.338285472972973 0.45528716216216214 0.3425422297297297 0.4691216216216215
0 0.2046875 0.18281250000000004 0.18593750000000003 0.18281250000000004 0.18593750000000003 0.2015625 0.2046875 0.2015625
0 0.73203125 0.91328125 0.7250000000000002 0.9062500000000002 0.7148437500000002 0.9164062500000002 0.721875 0.9234375
0 0.32421875000000006 0.4289062500000001 0.30390625 0.40859375 0.2875 0.4250000000000001 0.3078125 0.4453125000000001
0 0.25390625000000006 0.4492187500000001 0.24218750000000008 0.4375000000000001 0.22421875000000008 0.4554687500000002 0.2359375 0.4671875000000001
0 0.49531250000000016 0.9859375 0.4734375000000002 0.9859375 0.4734375000000002 0.9984375 0.49531250000000016 0.9984375
0 0.3921875000000001 0.5875000000000001 0.3812500000000001 0.5765625000000002 0.3687500000000001 0.5890625000000002 0.37968750000000007 0.6000000000000002
0 0.7485303217821783 0.9446782178217823 0.7464882425742575 0.9242574257425742 0.733802599009901 0.9255259900990099 0.7358446782178218 0.945946782178218
0 0.378125 0.10625000000000004 0.353125 0.10625000000000004 0.353125 0.11875000000000005 0.378125 0.11875000000000005
0 0.5283166273584905 0.3174675707547171 0.5013856132075472 0.30250589622641516 0.48730837264150945 0.3278449292452831 0.5142393867924528 0.34280660377358496
0 0.3445043103448276 0.582489224137931 0.3387661637931035 0.5691002155172413 0.3091594827586207 0.5817887931034482 0.3148976293103448 0.5951778017241379
0 0.40937500000000016 0.946875 0.3890625000000001 0.946875 0.3890625000000001 0.9640625 0.40937500000000016 0.9640625
0 0.3357572115384615 0.30246394230769236 0.3189302884615384 0.29909855769230775 0.31634615384615383 0.31201923076923077 0.3331730769230769 0.31538461538461543
0 0.60734375 0.61734375 0.6018749999999999 0.6009374999999999 0.5878125 0.605625 0.59328125 0.6220312499999999
0 0.565625 0.3703125000000001 0.5515625 0.3703125000000001 0.5515625 0.38750000000000007 0.565625 0.38750000000000007
0 0.30998820754716977 0.04441627358490565 0.3078125 0.0328125 0.28252948113207543 0.03755306603773585 0.2847051886792452 0.0491568396226415
0 0.3005980603448276 0.443604525862069 0.2845959051724138 0.4246928879310345 0.24306034482758623 0.45983836206896556 0.25906250000000003 0.47875000000000006
0 0.459375 0.3156250000000001 0.434375 0.3156250000000001 0.434375 0.3343750000000001 0.459375 0.3343750000000001
0 0.4437500000000002 0.9984375 0.4078125000000002 0.9984375 0.4078125000000002 1 0.4437500000000002 1
0 0.6289062500000002 0.7320312500000001 0.6171875000000001 0.7203125000000001 0.6046875 0.7328125000000002 0.61640625 0.7445312500000003
0 0.6246507352941176 0.4882904411764706 0.6046323529411763 0.4838419117647059 0.6021323529411764 0.4950919117647059 0.6221507352941176 0.4995404411764707
0 0.19687500000000005 0.25 0.17812500000000003 0.25 0.17812500000000003 0.2625 0.19687500000000005 0.2625
0 0.27415624999999993 0.34721875 0.2724687499999999 0.33540624999999996 0.25059375 0.33853124999999995 0.25228124999999996 0.35034375
0 0.5332932692307693 0.572596153846154 0.48852163461538467 0.563641826923077 0.4853966346153847 0.579266826923077 0.5301682692307692 0.5882211538461539
0 0.4457812499999999 0.24671875000000004 0.43999999999999995 0.22937500000000002 0.42453124999999997 0.23453125 0.4303125 0.251875
0 0.6885817307692308 0.8352163461538463 0.6799278846153847 0.822235576923077 0.6629807692307692 0.8335336538461539 0.6716346153846154 0.8465144230769232
0 0.38750000000000007 0.7015625 0.3671875000000001 0.7015625 0.3671875000000001 0.7203125 0.38750000000000007 0.7203125
0 0.4986672794117647 0.9623621323529413 0.48639705882352935 0.9419117647058824 0.45583639705882356 0.960248161764706 0.46810661764705885 0.9806985294117648
0 0.20913130733944962 0.621645642201835 0.18734231651376157 0.6151089449541287 0.18308486238532123 0.6293004587155965 0.20487385321100932 0.6358371559633029
0 0.5749080882352942 0.8215073529411765 0.5537683823529412 0.8088235294117648 0.5450827205882354 0.8232996323529413 0.5662224264705882 0.8359834558823529
0 0.5484375 0.2796875000000001 0.528125 0.2796875000000001 0.528125 0.2906250000000001 0.5484375 0.2906250000000001
0 0.7384650735294116 0.7078584558823527 0.7190257352941176 0.6754595588235294 0.7066176470588234 0.6829044117647058 0.7260569852941176 0.7153033088235292
0 0.25625 0.09843750000000002 0.2390625 0.09843750000000002 0.2390625 0.11406250000000004 0.25625 0.11406250000000004
0 0.2975 0.516875 0.2925 0.506875 0.27499999999999997 0.515625 0.27999999999999997 0.525625
0 0.2680640243902439 0.637576219512195 0.25663109756097563 0.6284298780487804 0.23894817073170732 0.6505335365853657 0.2503810975609756 0.6596798780487804
0 0.5046875 0.609375 0.478125 0.609375 0.478125 0.6234375 0.5046875 0.6234375
0 0.4133413461538461 0.6895432692307691 0.4058894230769231 0.6783653846153845 0.38894230769230764 0.6896634615384615 0.39639423076923064 0.7008413461538461
0 0.53125 0.18750000000000006 0.5171875 0.18750000000000006 0.5171875 0.20468750000000008 0.53125 0.20468750000000008
0 0.5225032216494846 0.4893041237113403 0.5156088917525773 0.473791881443299 0.4911082474226804 0.48468105670103095 0.49800257731958764 0.5001932989690723
0 0.69375 0.5265625000000002 0.6822115384615385 0.5188701923076925 0.6764423076923076 0.5275240384615387 0.6879807692307691 0.5352163461538464
0 0.33521959459459455 0.3597550675675676 0.333277027027027 0.3480996621621622 0.30515202702702704 0.3527871621621622 0.30709459459459465 0.3644425675675676
0 0.5546875000000002 0.8890625 0.5343750000000002 0.8890625 0.5343750000000002 0.9046875 0.5546875000000002 0.9046875
0 0.18750000000000006 0.525 0.15312500000000004 0.525 0.15312500000000007 0.609375 0.18750000000000006 0.609375
0 0.4406250000000001 0.503125 0.42890625 0.49140625 0.4125 0.5078125 0.4242187500000001 0.5195312500000002
0 0.665625 0.4359375 0.646875 0.4359375 0.646875 0.45 0.665625 0.45
0 0.3659298780487806 0.3503810975609757 0.3369474085365854 0.3471608231707318 0.3347942073170732 0.3665396341463415 0.3637766768292684 0.3697599085365854
0 0.4984375000000002 0.846875 0.4656250000000002 0.846875 0.4656250000000002 0.8671875 0.4984375000000002 0.8671875
0 0.2890625 0.15468750000000003 0.2625 0.15468750000000003 0.2625 0.16875000000000004 0.2890625 0.16875000000000004
0 0.514375 0.6431250000000001 0.51046875 0.6314062500000001 0.49171874999999987 0.63765625 0.49562499999999987 0.649375
0 0.2463260135135136 0.34826858108108116 0.2432010135135136 0.3295185810810811 0.22090371621621624 0.3332347972972973 0.22402871621621623 0.35198479729729737
0 0.6246875000000001 0.8900000000000002 0.6078125000000003 0.8843750000000004 0.6045312500000002 0.8942187500000003 0.6214062499999999 0.8998437500000003
0 0.66 0.9450000000000001 0.6534375000000001 0.931875 0.6409375 0.938125 0.6475000000000001 0.9512500000000002