0 0.2843750000000001 0.5390625 0.2296875000000001 0.5390625 0.2296875000000001 0.5921875 0.2843750000000001 0.5921875
0 0.6858192567567568 0.44960304054054073 0.6440962837837838 0.4367652027027029 0.6373057432432432 0.45883445945945966 0.6790287162162162 0.4716722972972975
0 0.9 0.4828125000000002 0.8828125 0.4828125000000002 0.8828125 0.4984375000000002 0.9 0.4984375000000002
0 0.7421875 0.6781250000000001 0.6390625 0.678125 0.6390625 0.7015625 0.7421875 0.7015625000000001
0 0.6375 0.5109375 0.58125 0.5109375 0.58125 0.534375 0.6375 0.534375
0 0.5510318396226416 0.7815448113207547 0.5145047169811322 0.7711084905660377 0.5100825471698115 0.7865860849056605 0.5466096698113209 0.7970224056603775
0 0.6976286764705881 0.3058272058823531 0.6828492647058824 0.2885845588235295 0.6670220588235294 0.30215073529411773 0.6818014705882351 0.3193933823529413
0 0.6683088235294117 0.04104779411764714 0.6074264705882352 0.02751838235294124 0.5938970588235293 0.08840073529411771 0.6547794117647058 0.10193014705882361
0 0.5921875000000002 0.771875 0.5468750000000002 0.771875 0.5468750000000002 0.7875 0.5921875000000002 0.7875
0 0.5754687500000001 0.4435937500000001 0.5116105769230769 0.4261778846153847 0.49862980769230775 0.47377403846153854 0.5624879807692309 0.49118990384615396
0 0.5721153846153846 0.323798076923077 0.5102163461538461 0.31141826923076926 0.5077524038461538 0.3237379807692308 0.5696514423076923 0.3361177884615385
0 0.5531250000000002 0.8234375 0.5343750000000002 0.8234375 0.5343750000000002 0.834375 0.5531250000000002 0.834375
0 0.6878125 0.17874999999999996 0.6665625000000001 0.13624999999999993 0.6453125 0.14687499999999995 0.6665625000000001 0.189375
0 0.68125 0.2406250000000001 0.6421875 0.2015625000000001 0.60390625 0.2398437500000002 0.64296875 0.2789062500000002
0 0.8703125 0.49531250000000016 0.8375 0.49531250000000016 0.8375 0.5109375000000002 0.8703125 0.5109375000000002
0 0.7063051470588236 0.5649080882352943 0.6571966911764707 0.5611305147058825 0.6554411764705883 0.5839522058823532 0.7045496323529413 0.5877297794117649
0 0.4835365853658537 0.13567073170731705 0.4762195121951221 0.12652439024390247 0.46955030487804883 0.131859756097561 0.47686737804878054 0.1410060975609756
0 0.7422794117647059 0.6949448529411764 0.7372426470588235 0.6722794117647058 0.6833088235294116 0.684264705882353 0.688345588235294 0.7069301470588234
0 0.08901691653160473 0.6291556928687198 0.04008306320907633 0.5879482374392222 0.02894043760129672 0.6011801053484604 0.07787429092382511 0.642387560777958
0 0.4535472972972975 0.7943412162162165 0.43834459459459474 0.7918074324324327 0.4368243243243244 0.8009290540540542 0.4520270270270272 0.8034628378378381
0 0.4282500000000001 0.6991250000000001 0.37990625000000017 0.6922187500000001 0.3768437500000002 0.7136562500000003 0.4251875000000001 0.7205625000000002
0 0.665625 0.609375 0.63125 0.609375 0.63125 0.628125 0.665625 0.628125
0 0.4348104508196721 0.6954149590163933 0.4336193647540984 0.6823130122950819 0.4024846311475409 0.6851434426229508 0.40367571721311474 0.6982453893442622
0 0.2853462837837838 0.5839527027027026 0.2807010135135135 0.556081081081081 0.23407939189189192 0.5638513513513514 0.2387246621621622 0.5917229729729729
0 0.34471153846153846 0.14699519230769242 0.31081730769230764 0.12439903846153855 0.2956730769230769 0.1471153846153847 0.3295673076923077 0.16971153846153858
0 0.4094350961538461 0.09032451923076926 0.3856971153846153 0.08557692307692312 0.38040865384615385 0.11201923076923079 0.4041466346153846 0.11676682692307697
0 0.31657538659793827 0.6099710051546392 0.28816043814432996 0.5973421391752577 0.27868878865979385 0.6186533505154639 0.3071037371134022 0.6312822164948454
0 0.10937500000000008 0.7078125000000002 0.08281250000000004 0.6812500000000001 0.0703125 0.6937500000000002 0.09687500000000004 0.7203125000000001
0 0.6046250000000001 0.44575000000000015 0.5969375 0.43550000000000005 0.5879375 0.44225000000000014 0.5956250000000001 0.4525
0 0.4993990384615386 0.7764423076923077 0.4666466346153847 0.7698918269230769 0.4629206730769231 0.7885216346153847 0.495673076923077 0.7950721153846154
0 0.76875 0.31718750000000007 0.7140625 0.31718750000000007 0.7140625 0.3609375000000001 0.76875 0.3609375000000001
0 0.5324257425742575 0.3929300742574258 0.5033415841584159 0.39002165841584163 0.5009746287128714 0.4136912128712872 0.5300587871287129 0.4165996287128714
0 0.36753318584070793 0.3995022123893805 0.3130199115044247 0.3772013274336283 0.30308904867256625 0.4014767699115044 0.35760232300884953 0.4237776548672566
0 0.4703125 0.3265625000000001 0.45 0.3265625000000001 0.45 0.3453125000000001 0.4703125 0.3453125000000001
0 0.45185344827586205 0.783071120689655 0.4510290948275862 0.7690571120689654 0.40266702586206893 0.7719019396551723 0.40349137931034484 0.785915948275862
0 0.31796875 0.24765625000000005 0.30468750000000006 0.23437500000000006 0.29140625000000003 0.24765625000000005 0.30468750000000006 0.26093750000000004
0 0.06461496746203901 0.6562940618221257 0.020373508676789553 0.6330090835140997 0.007866729934923988 0.6567719631236442 0.05210818872017344 0.6800569414316703
0 0.39891826923076923 0.31790865384615385 0.37992788461538457 0.2894230769230769 0.36478365384615385 0.29951923076923076 0.3837740384615384 0.32800480769230766
0 0.7951923076923076 0.4959134615384616 0.7708533653846155 0.49104567307692315 0.7662860576923077 0.5138822115384617 0.7906249999999999 0.51875
0 0.975 0.14843750000000014 0.95 0.14843750000000014 0.95 0.16562500000000013 0.975 0.16562500000000013
0 0.5747120307167235 0.5178647610921502 0.518883319112628 0.47378946245733794 0.4964057167235495 0.5022610921501707 0.552234428327645 0.546336390784983
0 0.36045673076923074 0.721153846153846 0.3546875 0.7124999999999999 0.34314903846153844 0.7201923076923077 0.3489182692307692 0.7288461538461538
0 0.7007812500000002 0.8039062500000004 0.6914062500000002 0.7945312500000001 0.6703125000000001 0.8156250000000004 0.6796875000000002 0.8250000000000004
0 0.520219678217822 0.7071782178217824 0.47071472772277245 0.7022277227722773 0.46847153465346547 0.7246596534653467 0.517976485148515 0.7296101485148515
0 0.6328125000000001 0.7000000000000001 0.6099759615384617 0.6657451923076924 0.5854567307692309 0.6820913461538461 0.6082932692307692 0.716346153846154
0 0.4221966911764706 0.17918198529411766 0.41227022058823526 0.1626378676470588 0.36516544117647054 0.1909007352941176 0.3750919117647059 0.20744485294117646
0 0.6790625 0.6940625 0.67671875 0.6776562499999998 0.6371249999999999 0.6833124999999999 0.63946875 0.69971875
0 0.37191810344827586 0.2508297413793104 0.34865301724137937 0.24946120689655177 0.3465355603448276 0.28545797413793106 0.3698006465517241 0.2868265086206897
0 0.8108213948362721 0.6254978746851386 0.7783060453400504 0.5629683564231738 0.657477959697733 0.6257989609571789 0.6899933091939546 0.6883284792191438