0 0.55625 0.5890625 0.4734375 0.5890625 0.4734375 0.6625 0.55625 0.6625
0 0.3047680412371134 0.8826030927835052 0.2961984536082474 0.8633215206185568 0.2656088917525773 0.8769168814432989 0.2741784793814433 0.8961984536082473
0 0.5392418032786886 0.8152151639344263 0.49249487704918044 0.7591188524590164 0.44316086065573773 0.8002305327868854 0.48990778688524605 0.8563268442622952
0 0.2690625000000001 0.5803125 0.2637500000000001 0.5696875000000001 0.22875000000000006 0.5871875000000001 0.2340625 0.5978125000000001
0 0.5641478159126365 0.35845115054602184 0.5296558112324493 0.3529324297971919 0.5212217238689547 0.4056454758190329 0.5557137285491419 0.41116419656786285
0 0.80703125 0.6726562500000002 0.759375 0.6250000000000002 0.7343750000000001 0.6500000000000001 0.7820312500000001 0.6976562500000001
0 0.3835 0.8967499999999999 0.3743125 0.8845000000000001 0.3605625 0.8948125000000001 0.36974999999999997 0.9070625
0 0.23890624999999996 0.70828125 0.23590624999999998 0.6872812500000001 0.21359374999999997 0.69046875 0.21659375 0.71146875
0 0.36011249999999995 0.6735875000000001 0.3537375 0.638525 0.306025 0.6472 0.31239999999999996 0.6822625
0 0.8546875 0.6406250000000002 0.8265625 0.6406250000000002 0.8265625 0.6593750000000002 0.8546875 0.6593750000000002
0 0.45067349137931034 0.7198006465517242 0.43248922413793106 0.6773706896551726 0.3423491379310345 0.7160021551724138 0.36053340517241383 0.7584321120689655
0 0.5376838235294119 0.8913602941176473 0.48783088235294114 0.8331985294117649 0.4597794117647059 0.8572426470588237 0.5096323529411766 0.9154044117647061
0 0.6556985294117647 0.7897058823529413 0.614889705882353 0.7795036764705884 0.6077205882352942 0.8081801470588236 0.6485294117647059 0.8183823529411764
0 0.4263868343195266 0.47051590236686386 0.4169101331360947 0.4477718195266272 0.34068971893491123 0.47953032544378693 0.35016642011834315 0.5022744082840236
0 0.579375 0.46656250000000005 0.5771120689655171 0.4394073275862069 0.511810344827586 0.4448491379310345 0.5140732758620687 0.4720043103448276
0 0.29375000000000007 0.6328125 0.26250000000000007 0.6328125 0.26250000000000007 0.6515625 0.29375000000000007 0.6515625
0 0.482788597733711 0.580378895184136 0.4460959631728045 0.5514695467422096 0.38758675637393764 0.6257312322946176 0.4242793909348442 0.654640580736544
0 0.3865808823529412 0.2744485294117647 0.38125 0.253125 0.3382352941176471 0.2638786764705882 0.34356617647058824 0.2852022058823529
0 0.8830670646067414 0.4890010533707866 0.8012464887640449 0.470119382022472 0.7887903792134832 0.5240958567415731 0.8706109550561797 0.5429775280898876
0 0.7484375000000001 0.6250000000000001 0.7121323529411765 0.6032169117647059 0.7016544117647058 0.6206801470588236 0.7379595588235295 0.6424632352941178
0 0.5476738061797752 0.2310656601123596 0.54375 0.2140625 0.4866924157303371 0.22722963483146064 0.4906162219101124 0.24423279494382025
0 0.4103547297297297 0.7818158783783784 0.3931925675675675 0.7582179054054055 0.37256756756756754 0.7732179054054054 0.3897297297297297 0.7968158783783783
0 0.3487753378378379 0.578589527027027 0.3448057432432433 0.5547719594594593 0.29565033783783784 0.562964527027027 0.29961993243243246 0.5867820945945946
0 0.21502403846153842 0.7858173076923076 0.20132211538461542 0.7652644230769232 0.1641826923076924 0.7900240384615385 0.17788461538461536 0.810576923076923
0 0.21654411764705883 0.9447610294117649 0.21371323529411762 0.9079595588235294 0.18826286764705885 0.9099172794117647 0.19109375 0.9467187500000002
0 0.8975312500000001 0.24696875000000018 0.8760937500000002 0.2439062500000002 0.8744375000000002 0.25550000000000017 0.895875 0.25856250000000014
0 0.8315992647058822 0.5445220588235296 0.7700551470588234 0.5308455882352942 0.7655698529411763 0.5510294117647059 0.8271139705882351 0.5647058823529413
0 0.7296875 0.3765625000000001 0.70625 0.3531250000000001 0.6875000000000001 0.37187500000000007 0.7109375000000001 0.39531250000000007
0 0.9086298076923077 0.6059615384615388 0.8803605769230769 0.6024278846153848 0.8767067307692308 0.6316586538461539 0.9049759615384616 0.6351923076923078
0 0.7863750000000002 0.7594375000000002 0.7640625000000002 0.7562500000000002 0.7610937500000002 0.7770312500000002 0.7834062500000002 0.7802187500000002
0 0.6328125 0.7468750000000002 0.590625 0.7046875000000001 0.571875 0.7234375000000002 0.6140625 0.7656250000000002
0 0.5703125000000001 0.6296875000000001 0.5234375000000001 0.5828125000000001 0.465625 0.6406250000000002 0.5125 0.6875000000000002
0 0.6862395446096653 0.32991984200743496 0.6803671003717471 0.2848977695167287 0.6013446793680297 0.2952050418215614 0.6072171236059478 0.34022711431226765
0 0.6711 0.8386375000000001 0.6247625000000001 0.8302125 0.6203625 0.8544125000000001 0.6667000000000001 0.8628375
0 0.6333125 0.19725 0.629875 0.1731875 0.5640312499999999 0.18259375 0.5674687499999999 0.20665624999999999
0 0.6234375 0.2484375000000001 0.559375 0.2484375000000001 0.559375 0.2687500000000001 0.6234375 0.2687500000000001
0 0.7546875 0.43437500000000007 0.7140625 0.434375 0.7140625 0.4531250000000001 0.7546875 0.45312500000000017
0 0.610479525862069 0.8953394396551726 0.5642780172413794 0.8755387931034484 0.5523168103448276 0.903448275862069 0.5985183189655172 0.9232489224137931
0 0.7640625 0.2796875000000001 0.7140625 0.2796875000000001 0.7140625 0.2984375000000001 0.7640625 0.2984375000000001
0 0.37875000000000003 0.6106250000000001 0.36375 0.5806250000000001 0.310625 0.6071875 0.325625 0.6371875000000001
0 0.37187500000000007 0.8375 0.30937500000000007 0.8375 0.30937500000000007 0.8640625 0.37187500000000007 0.8640625
0 0.9311153017241379 0.646147629310345 0.9075431034482758 0.6360452586206897 0.8974407327586207 0.6596174568965518 0.9210129310344828 0.6697198275862071
0 0.803125 0.5812500000000002 0.7671875 0.5812500000000002 0.7671875 0.6187500000000001 0.803125 0.6187500000000001
0 0.7640024038461538 0.7606370192307692 0.759795673076923 0.7396033653846154 0.7309495192307692 0.7453725961538462 0.73515625 0.76640625
0 0.41815732758620705 0.8180495689655173 0.399865301724138 0.8102101293103449 0.38475215517241385 0.8454741379310345 0.4030441810344829 0.8533135775862071
0 0.5125 0.04218750000000006 0.46875 0.04218750000000006 0.46875 0.05937500000000007 0.5125 0.05937500000000007
3 0.4859375 0.38750000000000007 0.4171875 0.38750000000000007 0.4171875 0.434375 0.4859375 0.434375
3 0.4640625 0.3218750000000001 0.3734375 0.3218750000000001 0.37343750000000003 0.3703125000000001 0.4640625 0.3703125000000001
3 0.5234375 0.3125000000000001 0.4546875 0.3125000000000001 0.4546875 0.3828125000000001 0.5234375 0.3828125000000001