1 0.8265625 0.20468750000000008 0.465625 0.20468750000000008 0.465625 0.4296875000000001 0.8265625 0.42968750000000017
0 0.8468211206896552 0.0350215517241379 0.8400323275862069 0.018049568965517217 0.8174030172413793 0.027101293103448266 0.8241918103448276 0.04407327586206895
0 0.31777451657458566 0.7267783149171271 0.28583390883977905 0.6980317679558011 0.26120511049723755 0.7253970994475138 0.29314571823204416 0.7541436464088398
0 0.4840173969072164 0.3490077319587629 0.4500998711340206 0.3078221649484537 0.4002061855670103 0.34891108247422686 0.43412371134020616 0.39009664948453604
0 0.3817366803278689 0.4944159836065574 0.3803534836065574 0.47920081967213113 0.3573898565573771 0.48128842213114753 0.3587730532786885 0.4965035860655738
0 0.3720462328767123 0.7405607876712329 0.3660102739726027 0.7244648972602741 0.34118150684931503 0.7337756849315069 0.3472174657534246 0.7498715753424657
0 0.39448844178082193 0.6800620719178083 0.38105736301369864 0.6505136986301372 0.36116224315068496 0.659556934931507 0.37459332191780825 0.6891053082191781
0 0.6609375 0.19531250000000006 0.6367187499999999 0.17109375000000004 0.590625 0.2171875 0.61484375 0.24140625
0 0.5508868243243245 0.23217905405405417 0.5268158783783784 0.22816722972972983 0.5233108108108108 0.2491976351351352 0.5473817567567568 0.25320945945945955
0 0.47632211538461544 0.21057692307692316 0.46670673076923086 0.1961538461538462 0.45625 0.20312500000000006 0.4658653846153847 0.217548076923077
0 0.1330250000000001 0.4168 0.09920000000000004 0.41065000000000007 0.09532500000000003 0.4319624999999999 0.12915000000000007 0.4381125
0 0.33453125 0.07859374999999999 0.32546875000000003 0.05140624999999999 0.2809375 0.06624999999999999 0.29 0.09343749999999999
0 0.20625 0.31875 0.18281250000000004 0.31875 0.18281250000000004 0.3484375 0.20625 0.3484375
0 0.09277712264150946 0.8385613207547171 0.06553655660377364 0.8307783018867927 0.05557193396226423 0.8656544811320757 0.08281250000000004 0.8734375000000002
0 0.2602705792682928 0.7013147865853658 0.20161966463414646 0.694798018292683 0.1992187500000001 0.71640625 0.2578696646341464 0.7229230182926829