1 0.515625 0.34843750000000007 0.353125 0.3484375 0.353125 0.4890625 0.515625 0.4890625
1 0.6640625000000001 0.596875 0.559375 0.596875 0.5593750000000001 0.7703125 0.6640625000000002 0.7703125
1 0.21250000000000008 0.465625 0.13593750000000004 0.465625 0.13593750000000007 0.5453125 0.21250000000000008 0.5453125
0 0.23638680257510733 0.5353004291845495 0.1736185622317597 0.4333020386266095 0.12070144849785414 0.465866416309013 0.1834696888412018 0.567864806866953
0 0.5071836890243904 0.5837842987804879 0.4670541158536586 0.5793254573170732 0.45933689024390245 0.6487804878048782 0.4994664634146343 0.6532393292682929
0 0.1546875 0.6328125000000001 0.15245977722772278 0.6105352722772277 0.13265779702970298 0.6125154702970297 0.13488551980198019 0.6347926980198021
0 0.3937500000000001 0.7453125 0.3765625000000001 0.7453125 0.3765625000000001 0.7890625 0.3937500000000001 0.7890625
0 0.684375 0.3000000000000001 0.6671875 0.3000000000000001 0.6671875 0.3343750000000001 0.684375 0.3343750000000001
0 0.24486157718120816 0.6432781040268457 0.18991191275167796 0.6048133389261745 0.14425335570469805 0.6700398489932887 0.19920302013422825 0.7085046140939598
0 0.3101682692307692 0.7250961538461539 0.3059134615384615 0.6910576923076922 0.28283653846153844 0.6939423076923077 0.2870913461538461 0.7279807692307693
0 0.7465745192307692 0.7906850961538463 0.7421274038461538 0.7684495192307692 0.7265024038461538 0.7715745192307693 0.7309495192307692 0.7938100961538462
0 0.6702250717360115 0.23654053084648483 0.5969265602582497 0.1806940459110473 0.5604129304160689 0.2286181850789096 0.6337114418938307 0.2844646700143471
0 0.2640625000000001 0.6328125 0.24375000000000008 0.6328125 0.24375000000000008 0.665625 0.2640625000000001 0.665625
0 0.54214375 0.46499375 0.44501000000000007 0.2878675 0.31787125 0.35758875 0.415005 0.534715
0 0.774485294117647 0.6851286764705883 0.756470588235294 0.6568198529411765 0.7395863970588235 0.6675643382352943 0.7576011029411763 0.695873161764706
0 0.6453419811320753 0.3602594339622642 0.6235849056603773 0.28410966981132085 0.5866450471698113 0.2946639150943397 0.6084021226415093 0.3708136792452831
0 0.6859375 0.553125 0.6734375 0.553125 0.6734375 0.59375 0.6859375 0.59375
0 0.696875 0.421875 0.6734375 0.421875 0.6734375 0.475 0.696875 0.475
0 0.2734375000000001 0.6671875 0.2609375000000001 0.6671875 0.2609375000000001 0.696875 0.2734375000000001 0.696875