0 0.6578125 0.4375 0.55625 0.4375 0.55625 0.5515625 0.6578125 0.5515625
0 0.25821875000000005 0.6409062499999999 0.22431250000000005 0.6360625 0.22165625000000003 0.65465625 0.2555625000000001 0.6595
0 0.6010374999999999 0.39555000000000007 0.5962624999999998 0.3692875 0.5556999999999999 0.3766625 0.560475 0.4029250000000001
0 0.6380246350364965 0.49308850364963525 0.5968750000000002 0.4781250000000002 0.588115875912409 0.5022125912408761 0.6292655109489054 0.5171760948905111
0 0.6609834558823529 0.9318474264705883 0.6514705882352942 0.9159926470588238 0.6317095588235295 0.9278492647058825 0.6412224264705882 0.943704044117647
0 0.36790865384615395 0.7832932692307693 0.3397836538461539 0.7645432692307692 0.3260817307692308 0.7850961538461538 0.35420673076923087 0.803846153846154
0 0.65 0.2953125000000001 0.6015625 0.2953125000000001 0.6015625 0.3156250000000001 0.65 0.3156250000000001
0 0.485 0.5434375000000002 0.46675000000000005 0.5297500000000002 0.4495000000000001 0.5527500000000002 0.46775 0.5664375000000001
0 0.7635674504950496 0.867450495049505 0.7289139851485149 0.8639851485148515 0.7271194306930694 0.8819306930693072 0.761772896039604 0.8853960396039605
0 0.5390625 0.5640625 0.478125 0.5640625 0.478125 0.5921875 0.5390625 0.5921875
0 0.15625000000000008 0.8734375 0.12656250000000008 0.8734375 0.12656250000000008 0.884375 0.15625000000000008 0.884375
0 0.6753625 0.3480875000000001 0.6710624999999999 0.32443750000000005 0.636275 0.33076250000000007 0.640575 0.35441250000000013
0 0.37580236486486485 0.43581081081081086 0.3388091216216217 0.42964527027027033 0.3352618243243244 0.4509290540540542 0.37225506756756754 0.4570945945945947
0 0.540625 0.684375 0.5203125 0.684375 0.5203125 0.70625 0.540625 0.70625
0 0.8046875 0.7640625000000002 0.7765625000000002 0.7640625000000002 0.7765625000000002 0.7812500000000002 0.8046875 0.7812500000000002
0 0.7656250000000002 0.7312500000000002 0.7218750000000002 0.7312500000000001 0.7218750000000002 0.7468750000000001 0.7656250000000002 0.7468750000000002
0 0.5043509615384615 0.36762019230769233 0.502091346153846 0.3495432692307692 0.4774759615384615 0.35262019230769226 0.47973557692307695 0.37069711538461536
0 0.7193903688524591 0.8663934426229509 0.6847336065573773 0.8632428278688525 0.6824154713114756 0.8887423155737706 0.7170722336065575 0.8918929303278688
0 0.578125 0.5765625 0.5759375 0.5590625 0.5413221153846154 0.5633894230769231 0.5435096153846153 0.580889423076923
0 0.60625 0.9359375000000002 0.590625 0.9203125 0.5640625 0.946875 0.5796875000000001 0.9625000000000001
0 0.7108052884615385 0.9390264423076925 0.6760336538461539 0.9295432692307696 0.6715985576923078 0.9458052884615388 0.7063701923076924 0.9552884615384617
0 0.701125 0.2859999999999999 0.69715625 0.25821875 0.6593125 0.26362499999999994 0.6632812499999999 0.2914062499999999
0 0.6399282094594595 0.4674619932432432 0.6234586148648649 0.4444045608108108 0.569214527027027 0.4831503378378378 0.5856841216216216 0.5062077702702703
0 0.6509345518867925 0.32305719339622646 0.6496933962264151 0.2945106132075472 0.5435082547169812 0.29912735849056604 0.5447494103773585 0.3276739386792453
0 0.49871874999999993 0.7785312500000001 0.49568749999999995 0.7573125000000002 0.47315625 0.7605312500000002 0.4761875 0.7817500000000001
0 0.5582435344827587 0.6707974137931035 0.5385775862068967 0.6629310344827587 0.5307112068965518 0.6825969827586208 0.5503771551724138 0.6904633620689656
0 0.516826923076923 0.6705528846153845 0.5060096153846153 0.654326923076923 0.4865384615384615 0.6673076923076923 0.4973557692307692 0.6835336538461537
0 0.8140625 0.7437500000000001 0.7890625000000002 0.7437500000000001 0.7890625000000002 0.7593750000000001 0.8140625 0.7593750000000001
0 0.6265625000000001 0.9671875 0.5890625000000002 0.9671875 0.5890625000000002 0.9953125 0.6265625000000001 0.9953125
0 0.3903125000000002 0.9506250000000003 0.372875 0.9273750000000002 0.360875 0.9363750000000002 0.37831250000000016 0.9596250000000003
0 0.7044375000000002 0.7861250000000002 0.6659375000000003 0.7806250000000002 0.6622187500000003 0.8066562500000002 0.7007187500000002 0.8121562500000001
0 0.7173986486486488 0.39657939189189195 0.7106841216216218 0.35629222972972985 0.6688766891891893 0.3632601351351352 0.6755912162162163 0.40354729729729727
0 0.613544984076433 0.03011544585987269 0.5851910828025477 0.014649681528662483 0.5780254777070063 0.027786624203821653 0.6063793789808916 0.04325238853503186
0 0.5618243243243245 0.5243665540540542 0.535472972972973 0.5199746621621623 0.5319256756756758 0.5412584459459462 0.5582770270270272 0.545650337837838
0 0.4560637953367876 0.4427299222797929 0.4259472150259068 0.42516191709844575 0.41398963730569954 0.4456606217616582 0.4441062176165804 0.4632286269430053
0 0.34093750000000006 0.8928125 0.3156250000000001 0.884375 0.30546875000000007 0.9148437500000002 0.33078125 0.9232812500000002
0 0.7299879807692307 0.7609975961538462 0.6942307692307693 0.7538461538461539 0.6902644230769232 0.7736778846153847 0.7260216346153845 0.780829326923077
0 0.4783052884615385 0.6537860576923077 0.46388221153846165 0.6509014423076922 0.46201923076923085 0.6602163461538462 0.47644230769230766 0.6631009615384615
0 0.653125 0.50625 0.625 0.50625 0.625 0.5453125 0.653125 0.5453125
0 0.45171874999999995 0.5432812499999999 0.43859375 0.5389062499999999 0.43515625 0.5492187500000001 0.44828124999999996 0.5535937500000001
0 0.47578125 0.42734375 0.453125 0.4046875 0.4140625 0.44375 0.43671875 0.46640625
0 0.696875 0.12343750000000009 0.6671875 0.12343750000000009 0.6671875 0.1390625000000001 0.696875 0.1390625000000001
0 0.5594903523489934 0.6730494966442955 0.5428166946308726 0.6613779362416108 0.5153628355704699 0.7005977348993289 0.5320364932885907 0.7122692953020134
0 0.5465312500000001 0.4711562500000002 0.5069375 0.4655000000000002 0.5043750000000001 0.4834375000000001 0.5439687500000001 0.48909375000000005
0 0.5984375 0.3703125000000001 0.53125 0.3703125000000001 0.53125 0.4 0.5984375 0.4
0 0.5616636029411766 0.371810661764706 0.5315533088235296 0.36949448529411777 0.5305514705882354 0.38251838235294133 0.5606617647058824 0.3848345588235295
0 0.32750000000000007 0.9543750000000001 0.31062500000000004 0.9459375000000001 0.3034375000000001 0.9603125000000002 0.3203125000000001 0.9687500000000002
0 0.6109375 0.3000000000000001 0.54375 0.3000000000000001 0.54375 0.32500000000000007 0.6109375 0.32500000000000007
0 0.5897103658536585 0.19645579268292682 0.5844702743902439 0.14929496951219515 0.5582317073170732 0.15221036585365855 0.5634717987804878 0.19937118902439022
0 0.4774961890243903 0.3212842987804878 0.45708841463414646 0.31901676829268294 0.45573551829268305 0.3311928353658537 0.4761432926829269 0.33346036585365857
0 0.4300834760273974 0.5028788527397262 0.3961793664383563 0.48746789383561656 0.3868150684931507 0.5080693493150686 0.4207191780821919 0.5234803082191782
0 0.7388786764705882 0.213327205882353 0.7333639705882352 0.19126838235294122 0.6870404411764707 0.20284926470588233 0.6925551470588236 0.22490808823529412
0 0.5667279411764705 0.14090073529411767 0.5424632352941177 0.13483455882352946 0.5388786764705882 0.1491727941176471 0.5631433823529411 0.15523897058823535