0 0.6390625000000002 0.7734375 0.5296875000000002 0.7734375 0.5296875000000002 0.871875 0.6390625000000002 0.871875
1 0.4703125000000002 0.8296875 0.40937500000000016 0.8296875 0.40937500000000016 0.8640625 0.4703125000000002 0.8640625
0 0.1812500000000001 0.8875 0.1437500000000001 0.8875 0.1437500000000001 0.9078125 0.18125000000000013 0.9078125
0 0.2578125000000001 0.86875 0.2015625000000001 0.86875 0.2015625000000001 0.9140625 0.2578125000000001 0.9140625
0 0.12656250000000008 0.6265625 0.09218750000000006 0.6265625 0.09218750000000007 0.6453125 0.12656250000000008 0.6453125
0 0.08593750000000007 0.590625 0.056250000000000064 0.590625 0.056250000000000064 0.61875 0.08593750000000007 0.61875
3 0.4859375 0.5296875 0.434375 0.5296875 0.434375 0.5609375 0.4859375 0.5609375
3 0.6640625 0.5515625 0.6046875 0.5515625 0.6046875 0.5953125 0.6640625 0.5953125
3 0.5 0.6 0.453125 0.6 0.453125 0.6375 0.5 0.6375
3 0.37187500000000007 0.5640625 0.34062500000000007 0.5640625 0.34062500000000007 0.5859375 0.37187500000000007 0.5859375
3 0.6484375 0.6328125 0.5953125 0.6328125 0.5953125 0.675 0.6484375 0.675
3 0.7234375 0.6046875 0.7078125 0.6046875 0.7078125 0.6234375 0.7234375 0.6234375