0 0.6328125000000002 0.771875 0.5062500000000002 0.771875 0.5062500000000002 0.8859375 0.6328125000000002 0.8859375
1 0.4593750000000002 0.8453125 0.3921875000000001 0.8453125 0.3921875000000001 0.8875 0.4593750000000002 0.8875
0 0.17187500000000014 0.9296875 0.12968750000000012 0.9296875 0.12968750000000012 0.9546875 0.17187500000000014 0.9546875
0 0.2515625000000001 0.903125 0.1859375000000001 0.903125 0.18593750000000012 0.95625 0.2515625000000001 0.95625
0 0.10156250000000008 0.675 0.06406250000000009 0.675 0.06406250000000009 0.6984375 0.10156250000000008 0.6984375
0 0.05937500000000009 0.6421875 0.02656250000000008 0.6421875 0.02656250000000008 0.675 0.05937500000000009 0.675
3 0.45625 0.54375 0.4 0.54375 0.4 0.5828125 0.45625 0.5828125
3 0.6390625 0.5484375 0.5703125 0.5484375 0.5703125 0.6 0.6390625 0.6
3 0.4765625 0.6140625 0.421875 0.6140625 0.421875 0.6578125 0.4765625 0.6578125
3 0.3453125000000001 0.5890625 0.30937500000000007 0.5890625 0.30937500000000007 0.615625 0.3453125000000001 0.615625
3 0.6265625 0.6328125 0.565625 0.6328125 0.565625 0.6828125 0.6265625 0.6828125
3 0.6984375 0.596875 0.6796875 0.596875 0.6796875 0.61875 0.6984375 0.61875