1 0.7015625000000001 0.609375 0.5609375 0.609375 0.5609375000000001 0.7265625 0.7015625000000002 0.7265625
0 0.503125 0.6796875 0.4375 0.6796875 0.4375 0.721875 0.503125 0.721875
0 0.4 0.5 0.3734375000000001 0.5 0.3734375000000001 0.51875 0.4 0.51875
1 0.2796875000000001 0.6 0.1703125000000001 0.6 0.1703125000000001 0.6890625 0.2796875000000001 0.6890625
2 0.4453125 0.15781250000000005 0.409375 0.15781250000000005 0.409375 0.18437500000000004 0.4453125 0.18437500000000004
2 0.5015625 0.2515625000000001 0.4765625 0.2515625000000001 0.4765625 0.2750000000000001 0.5015625 0.2750000000000001
2 0.6320312499999999 0.25546875 0.62109375 0.24453125000000014 0.61171875 0.2539062500000001 0.6226562499999999 0.26484375000000004
2 0.66875 0.4046875 0.65625 0.4046875 0.65625 0.4171875 0.66875 0.4171875
2 0.4813344594594594 0.1291807432432433 0.46131756756756753 0.12584459459459466 0.4586993243243243 0.14155405405405413 0.47871621621621613 0.14489020270270275
2 0.6473805147058822 0.5684283088235296 0.6379595588235293 0.5627757352941176 0.6336856617647058 0.5698988970588235 0.6431066176470588 0.5755514705882353
2 0.6179227941176471 0.4935661764705882 0.6157169117647059 0.48474264705882353 0.6043198529411765 0.4875919117647059 0.6065257352941178 0.4964154411764706
2 0.6078125 0.1625000000000001 0.5890625 0.1625000000000001 0.5890625 0.1781250000000001 0.6078125 0.1781250000000001
2 0.5375 0.571875 0.528125 0.571875 0.528125 0.578125 0.5375 0.578125
2 0.500827205882353 0.3201286764705883 0.489797794117647 0.31737132352941183 0.4869485294117647 0.32876838235294126 0.49797794117647065 0.3315257352941178
2 0.609375 0.2953125000000001 0.59375 0.2953125000000001 0.59375 0.3062500000000001 0.609375 0.3062500000000001
2 0.465625 0.2015625000000001 0.4484375 0.2015625000000001 0.4484375 0.21875000000000008 0.465625 0.21875000000000008
2 0.27031250000000007 0.540625 0.2609375000000001 0.540625 0.2609375000000001 0.553125 0.27031250000000007 0.553125
2 0.4515625000000001 0.3609375000000001 0.44125000000000014 0.3575000000000001 0.43843750000000015 0.36593750000000014 0.4487500000000001 0.3693750000000001
2 0.6667067307692307 0.17884615384615396 0.6555288461538462 0.17139423076923094 0.65 0.17968750000000017 0.6611778846153846 0.18713942307692322
2 0.4923141891891893 0.6991976351351352 0.4468581081081083 0.6852111486486487 0.44158783783783795 0.7023395270270272 0.48704391891891896 0.7163260135135137
2 0.3993566176470589 0.41148897058823525 0.3974264705882353 0.4037683823529411 0.3875 0.40625 0.38943014705882356 0.4139705882352941
2 0.5956009615384616 0.1914423076923078 0.5707932692307691 0.18834134615384623 0.569326923076923 0.2000721153846154 0.5941346153846154 0.20317307692307698
2 0.5627573529411765 0.9111580882352943 0.536764705882353 0.8888786764705884 0.5263970588235295 0.9009742647058825 0.552389705882353 0.9232536764705884
2 0.5728125000000001 0.42531250000000015 0.564375 0.42250000000000015 0.56203125 0.42953125000000003 0.5704687500000001 0.4323437500000001
2 0.4953125000000001 0.265625 0.49314903846153857 0.2548076923076923 0.47992788461538466 0.2574519230769231 0.4820913461538462 0.26826923076923076
2 0.43499999999999994 0.17062500000000008 0.41937499999999994 0.16281250000000003 0.4140625 0.17343750000000005 0.4296875 0.18125000000000008
1 0.36406250000000007 0.33125000000000004 0.2671875 0.33125 0.2671875 0.4265625 0.36406250000000007 0.4265625