0 0.803125 0.6453125000000002 0.78125 0.6453125000000002 0.78125 0.6640625000000002 0.803125 0.6640625000000002
0 0.2890625000000001 0.909375 0.2468750000000001 0.909375 0.2468750000000001 0.9328125 0.2890625000000001 0.9328125
0 0.5031250000000002 0.9125 0.4359375000000002 0.9125 0.4359375000000002 0.9703125 0.5031250000000002 0.9703125
0 0.7359375000000001 0.721875 0.7 0.721875 0.7000000000000001 0.7656250000000001 0.7359375000000001 0.7656250000000002
0 0.81338876146789 0.6144208715596331 0.8058629587155964 0.5893348623853211 0.7842173165137615 0.5958285550458715 0.7917431192660551 0.6209145642201835
0 0.6196875 0.02937500000000002 0.6140625 0.012499999999999978 0.57328125 0.02609374999999996 0.57890625 0.04296875
0 0.4812500000000002 0.853125 0.4203125000000002 0.853125 0.4203125000000002 0.8921875 0.4812500000000002 0.8921875
0 0.3984375000000001 0.94375 0.3187500000000001 0.94375 0.3187500000000001 0.975 0.3984375000000001 0.975
0 0.23813344594594596 0.04286317567567567 0.23458614864864868 0.02157939189189189 0.19379222972972973 0.028378378378378376 0.19733952702702703 0.04966216216216216
0 0.7512740384615386 0.7523076923076923 0.727235576923077 0.7493028846153846 0.7215865384615385 0.7944951923076923 0.7456250000000001 0.7975
0 0.17006478658536597 0.7928544207317072 0.14331173780487816 0.7898818597560975 0.14136814024390257 0.807374237804878 0.16812118902439038 0.8103467987804878
0 0.45625000000000016 0.9703125 0.4156250000000002 0.9703125 0.4156250000000002 0.9921875 0.45625000000000016 0.9921875
0 0.5442307692307693 0.7617788461538464 0.5085336538461539 0.7379807692307695 0.4962740384615385 0.7563701923076925 0.5319711538461538 0.7801682692307693
0 0.07656250000000006 0.5625 0.01875000000000007 0.5625 0.01875000000000008 0.6671875 0.07656250000000007 0.6671875
0 0.1397235576923077 0.4798677884615385 0.13143028846153848 0.43840144230769224 0.07403846153846154 0.4498798076923077 0.08233173076923077 0.49134615384615393
0 0.36018041237113413 0.9213434278350515 0.30858247422680424 0.9189980670103092 0.3075483247422682 0.9417493556701031 0.35914626288659807 0.9440947164948454
0 0.2468750000000001 0.8453125000000001 0.2289062500000001 0.8273437500000002 0.2039062500000001 0.8523437500000002 0.2218750000000001 0.8703125000000002
0 0.10000000000000009 0.7125 0.07031250000000008 0.7125 0.07031250000000008 0.7359375 0.10000000000000009 0.7359375
0 0.3609375000000001 0.6046875 0.3140625000000001 0.6046875 0.3140625000000001 0.6359375 0.3609375000000001 0.6359375
0 0.3047030860349128 0.6278132793017457 0.1771313902743143 0.6214346945137157 0.174064837905237 0.6827657418952618 0.3016365336658355 0.6891443266832918
0 0.09376280737704916 0.33451588114754094 0.09066342213114753 0.3004226434426229 0.04572233606557378 0.30450819672131146 0.048821721311475406 0.3386014344262295
0 0.2995192307692308 0.8570913461538462 0.26514423076923077 0.8055288461538461 0.19122596153846158 0.8548076923076924 0.2256009615384616 0.9063701923076923
0 0.2171875000000001 0.453125 0.15000000000000005 0.453125 0.15000000000000005 0.4875 0.2171875000000001 0.4875
0 0.1453125000000001 0.734375 0.06875000000000009 0.734375 0.06875000000000009 0.7875 0.1453125000000001 0.7875
0 0.6453125000000002 0.828125 0.6218750000000002 0.828125 0.6218750000000002 0.8421875 0.6453125000000002 0.8421875
0 0.9319415983606559 0.6701075819672132 0.9073514344262297 0.6496157786885247 0.8968493852459017 0.6622182377049182 0.921439549180328 0.6827100409836067
0 0.5375590365239296 0.7974693010075566 0.48521331863979855 0.7809390743073047 0.47694820528967263 0.8071119332493704 0.5292939231738036 0.8236421599496222
0 0.04843750000000002 0.215625 2.6502122137798194e-17 0.215625 2.7937255105548996e-17 0.2390625 0.04843750000000003 0.2390625
0 0.3631971153846154 0.738173076923077 0.31262019230769245 0.7318509615384616 0.3094951923076924 0.7568509615384615 0.3600721153846154 0.763173076923077
0 0.16093750000000004 0.3796875 0.11250000000000004 0.3796875 0.11250000000000004 0.4234375 0.16093750000000004 0.4234375
0 0.7218750000000002 0.8203125 0.6843750000000002 0.8203125 0.6843750000000002 0.8734375 0.7218750000000002 0.8734375
0 0.7334558823529411 0.21819852941176476 0.725 0.18437500000000004 0.6790441176470589 0.19586397058823532 0.6875 0.22968750000000004
0 0.36983173076923076 0.20865384615384608 0.3664423076923077 0.18153846153846154 0.3329807692307692 0.18572115384615384 0.3363701923076922 0.2128365384615384
0 0.8703605769230769 0.7543028846153847 0.8457451923076924 0.7512259615384617 0.8418750000000002 0.7821875000000001 0.8664903846153846 0.7852644230769232
0 0.18053209459459463 0.14649493243243245 0.12250844594594597 0.13682432432432434 0.11697635135135136 0.17001689189189192 0.17500000000000002 0.17968750000000006
0 0.11540441176470588 0.6924448529411764 0.09872794117647062 0.6528382352941178 0.02084191176470589 0.6856323529411765 0.03751838235294116 0.7252389705882353
0 0.23404529816513767 0.5719323394495415 0.1939076834862386 0.5598910550458717 0.1827694954128441 0.5970183486238534 0.2229071100917432 0.6090596330275231
0 0.7871199324324325 0.5133445945945946 0.7763091216216216 0.44847972972972966 0.7114442567567568 0.4592905405405405 0.7222550675675677 0.5241554054054054
0 0.29503125000000013 0.8472812500000002 0.2679062500000001 0.8434062500000001 0.2650312500000001 0.8635312500000001 0.2921562500000001 0.8674062500000002
0 0.5044471153846154 0.6425480769230768 0.4998798076923078 0.6197115384615385 0.45570913461538465 0.6285456730769231 0.4602764423076923 0.6513822115384615
0 0.1328125 0.09375000000000003 0.10625 0.09375000000000003 0.10625 0.1140625 0.1328125 0.1140625
0 0.035937500000000046 0.340625 4.190588265832349e-17 0.340625 4.487182412500848e-17 0.3890625 0.035937500000000046 0.3890625
0 0.3859375000000001 0.4765625 0.3468750000000001 0.4765625 0.3468750000000001 0.515625 0.3859375000000001 0.515625
0 0.04062500000000006 0.4484375 5.616153680464816e-17 0.4484375 6.09453133638175e-17 0.5265625 0.040625000000000064 0.5265625
0 0.5671875 0.6984375 0.5328125 0.6984375 0.5328125 0.71875 0.5671875 0.71875
0 0.40393331408775995 0.9287492782909931 0.24973477193995386 0.9021633227482679 0.24036157621247117 0.9565278579676676 0.39456011836027727 0.9831138135103927
0 0.5412646812080537 0.9187290268456376 0.5126363255033557 0.8986891778523491 0.5038276006711409 0.9112730704697988 0.5324559563758389 0.9313129194630875
0 0.41325974770642204 0.6905533256880734 0.3465452981651376 0.6546301605504586 0.31578985091743117 0.7117474197247707 0.38250430045871564 0.7476705848623855