0 0.248438 0.498437 0.153125 0.498437 0.153125 0.584375 0.248438 0.584375
0 0.214063 0.981250 0.189063 0.981250 0.189063 0.996875 0.214063 0.996875
0 0.858281 0.224844 0.846406 0.189219 0.780312 0.211250 0.792188 0.246875
0 0.496670 0.602017 0.425789 0.570121 0.399828 0.627813 0.470709 0.659710
0 0.482813 0.848437 0.464063 0.848437 0.464063 0.864062 0.482813 0.864062
0 0.459543 0.928341 0.439159 0.925793 0.436971 0.943293 0.457356 0.945841
0 0.167969 0.597656 0.158125 0.568125 0.113594 0.582969 0.123437 0.612500
0 0.121864 0.475129 0.070263 0.443720 0.051043 0.475295 0.102644 0.506705
0 0.465074 0.520956 0.428676 0.511857 0.421140 0.542004 0.457537 0.551103
0 0.667188 0.328125 0.634375 0.328125 0.634375 0.350000 0.667188 0.350000
0 0.074579 0.519291 0.049038 0.514183 0.040084 0.558954 0.065625 0.564063
0 0.201430 0.776636 0.189343 0.754879 0.162810 0.769620 0.174897 0.791377
0 0.331360 0.068621 0.328888 0.036480 0.269862 0.041020 0.272335 0.073162
0 0.413998 0.627129 0.367317 0.601993 0.326878 0.677093 0.373559 0.702229
0 0.271624 0.477879 0.140772 0.449156 0.107332 0.601495 0.238184 0.630219
0 0.696361 0.881135 0.667370 0.879524 0.665567 0.911976 0.694558 0.913587
0 0.505423 0.442371 0.444761 0.427206 0.437592 0.455882 0.498254 0.471048
0 0.437349 0.386696 0.435235 0.364501 0.389740 0.368834 0.391854 0.391029
0 0.396875 0.489063 0.393391 0.450743 0.352536 0.454457 0.356019 0.492777
0 0.116402 0.851924 0.102511 0.761633 0.056015 0.768786 0.069906 0.859077
0 0.346875 0.515625 0.312500 0.515625 0.312500 0.539062 0.346875 0.539062
0 0.388382 0.603658 0.374357 0.591636 0.356048 0.612996 0.370074 0.625018
0 0.175457 0.377553 0.161738 0.366578 0.154726 0.375343 0.168445 0.386319
0 0.737500 0.126563 0.693750 0.126563 0.693750 0.167188 0.737500 0.167188
0 0.525000 0.860938 0.479688 0.860938 0.479688 0.887500 0.525000 0.887500
0 0.389543 0.430409 0.326082 0.335216 0.272356 0.371034 0.335817 0.466226
0 0.415030 0.519856 0.383089 0.517727 0.381900 0.535564 0.413841 0.537694
0 0.496875 0.000000 0.425000 0.000000 0.425000 0.004688 0.496875 0.004688
0 0.382813 0.984375 0.360938 0.984375 0.360938 0.995313 0.382813 0.995313
0 0.768750 0.373438 0.675000 0.373438 0.675000 0.414062 0.768750 0.414063
0 0.304130 0.581270 0.285320 0.546785 0.271198 0.554488 0.290008 0.588973
0 0.648222 0.375133 0.599103 0.363576 0.593899 0.385697 0.643017 0.397254
0 0.676563 0.940625 0.659375 0.940625 0.659375 0.973437 0.676563 0.973437
0 0.259375 0.512500 0.226563 0.512500 0.226563 0.535937 0.259375 0.535937
0 0.054688 0.418750 0.040625 0.418750 0.040625 0.450000 0.054688 0.450000
0 0.460469 0.971719 0.433281 0.962656 0.426406 0.983281 0.453594 0.992344
0 0.442847 0.166408 0.430737 0.111050 0.319041 0.135483 0.331151 0.190842
0 0.797753 0.498596 0.754775 0.471735 0.740906 0.493926 0.783883 0.520787
0 0.550845 0.714443 0.505173 0.681820 0.481208 0.715372 0.526879 0.747994
0 0.609279 0.974231 0.588077 0.957740 0.581178 0.966611 0.602380 0.983101
0 0.286538 0.745192 0.284075 0.732873 0.269952 0.735697 0.272416 0.748017
0 0.456250 0.454688 0.435937 0.454688 0.435937 0.475000 0.456250 0.475000
0 0.629688 0.857812 0.596875 0.857812 0.596875 0.890625 0.629688 0.890625
0 0.350215 0.016342 0.342732 0.000000 0.277939 0.010837 0.285421 0.035780
0 0.433798 0.966635 0.405024 0.950192 0.393005 0.971226 0.421779 0.987668
0 0.189062 0.000000 0.160938 0.000000 0.160938 0.017188 0.189062 0.017188
0 0.568147 0.301779 0.566166 0.281977 0.530430 0.285551 0.532410 0.305353
0 0.657188 0.848750 0.643125 0.820625 0.615625 0.834375 0.629687 0.862500
0 0.576562 0.146875 0.535937 0.146875 0.535937 0.168750 0.576562 0.168750
0 0.239219 0.848146 0.175427 0.828731 0.165152 0.862492 0.228944 0.881907
0 0.615223 0.349335 0.573298 0.345142 0.571055 0.367574 0.612980 0.371767
0 0.610000 0.060625 0.550937 0.040938 0.540625 0.071875 0.599687 0.091563
0 0.440625 0.042188 0.421875 0.042188 0.421875 0.060938 0.440625 0.060938
0 0.201261 0.897371 0.142425 0.892468 0.139838 0.923502 0.198675 0.928405
0 0.265625 0.442188 0.251563 0.442188 0.251563 0.451562 0.265625 0.451562
0 0.730048 0.677885 0.705048 0.640385 0.679087 0.657692 0.704087 0.695192
0 0.308313 0.679313 0.289063 0.676563 0.287000 0.691000 0.306250 0.693750
