2 0.553125 0.05625000000000006 0.3625 0.05625000000000004 0.3625 0.16250000000000006 0.553125 0.1625000000000001
2 0.4312596153846154 0.017735576923076903 0.4198076923076924 -0.014711538461538498 0.3379134615384615 0.01419230769230766 0.3493653846153846 0.04663942307692306
2 0.5106250000000001 0.4149999999999999 0.4878125000000001 0.36937499999999995 0.4259375 0.40031249999999996 0.4487500000000001 0.4459375
2 0.47673760197509657 0.4489440210390726 0.424923518677544 0.44354672069557755 0.41436037462430225 0.5449529036066982 0.46617445792185486 0.5503502039501933
2 0.5479363864142539 0.10080038975501118 0.5299832962138085 0.04950584632516704 0.37136692650334074 0.10502157572383072 0.3893200167037862 0.15631611915367488
2 1.0091058875219683 0.5418936731107207 0.8672410478910368 0.5118011313708261 0.8562362697715289 0.5636807996485063 0.9981011094024603 0.5937733413884008
2 0.10468750000000009 0.6984375 0.08437500000000009 0.6984375 0.08437500000000009 0.715625 0.10468750000000009 0.715625
2 0.1024824438202248 0.6180969101123597 0.08902036516853942 0.6098700842696629 0.056151685393258474 0.6636551966292135 0.06961376404494386 0.6718820224719102
2 0.971875 0.3359375000000001 0.9265625 0.3359375000000001 0.9265625 0.3781250000000001 0.971875 0.3781250000000001
2 0.5754913015463917 0.1428398840206186 0.5577722293814433 0.09677029639175261 0.38218427835051544 0.16430412371134023 0.3999033505154639 0.21037371134020622
2 0.5950958029197082 0.6705177919708032 0.5546989051094892 0.6558280109489052 0.5385036496350366 0.7003649635036497 0.5789005474452557 0.7150547445255476