0 0.6875000000000002 0.91875 0.6609375000000002 0.91875 0.6609375000000002 0.934375 0.6875000000000002 0.934375
0 0.46875000000000017 0.928125 0.20468750000000008 0.928125 0.20468750000000008 0.9984375 0.46875000000000017 0.9984375
0 0.590625 7.032151541978942e-17 0.5578125 6.831232926493829e-17 0.5578125 0.029687500000000068 0.590625 0.02968750000000007
0 0.40370192307692304 0.4510096153846154 0.38793269230769234 0.4234134615384616 0.34687500000000004 0.4468750000000001 0.3626442307692308 0.4744711538461539
0 0.709375 0.0906250000000001 0.653125 0.0906250000000001 0.653125 0.12500000000000008 0.709375 0.12500000000000008
0 0.796875 0.1218750000000001 0.7375 0.1218750000000001 0.7375 0.1468750000000001 0.796875 0.1468750000000001
0 0.28765243902439036 0.6830030487804879 0.236375762195122 0.6773056402439025 0.23349847560975617 0.7032012195121952 0.28477515243902446 0.7088986280487806
0 0.618391448789974 0.1442219911408816 0.5393764855229041 0.06041824222126193 0.4980890773552291 0.09934636992221266 0.577104040622299 0.18315011884183235
0 0.7137552668539325 0.8440396769662921 0.5285463483146067 0.8012991573033709 0.5091906601123595 0.8851738061797754 0.6943995786516854 0.9279143258426966
0 0.646686780336581 0.25275409654561565 0.5333896147032771 0.16883027015057578 0.47390666519043395 0.24913225199291414 0.5872038308237378 0.33305607838795404
0 0.5663490853658537 0.575266768292683 0.5641387195121952 0.5553734756097561 0.5183498475609756 0.5604611280487806 0.5205602134146341 0.5803544207317073
0 0.5109375000000002 0.875 0.4578125000000002 0.875 0.4578125000000002 0.9609375 0.5109375000000002 0.9609375
0 0.41382211538461544 0.024639423076923083 0.4046875 0.010937500000000022 0.38629807692307694 0.023197115384615375 0.39543269230769235 0.036899038461538435
0 0.8328125 1.0065065880492308e-16 0.8078125 9.91198503059889e-17 0.8078125 0.0093750000000001 0.8328125 0.009375000000000102
0 0.9392003676470587 0.2627297794117646 0.9192095588235294 0.22941176470588237 0.9024356617647058 0.23947610294117644 0.9224264705882353 0.2727941176470587
0 0.4014836582568807 0.07239822247706422 0.3942588876146789 0.0589807912844037 0.36714449541284405 0.07358084862385321 0.37436926605504584 0.08699827981651373
0 0.6132556352459018 0.619813012295082 0.5878970286885247 0.6175076844262296 0.5851050204918034 0.648219774590164 0.6104636270491804 0.6505251024590164
0 0.8265625 0.2250000000000001 0.8109375 0.2250000000000001 0.8109375 0.2375000000000001 0.8265625 0.2375000000000001
0 0.5779548267326734 0.45638923267326736 0.544693688118812 0.45306311881188127 0.5424195544554455 0.47580445544554467 0.575680693069307 0.4791305693069308
0 0.026562500000000006 0.04375 0.004687500000000006 0.04375 0.004687500000000006 0.0609375 0.02656250000000001 0.0609375
0 0.3075 0.95875 0.29812500000000003 0.9400000000000001 0.2775 0.9503125000000001 0.28687500000000005 0.9690625
0 0.25468750000000007 0.503125 0.2000000000000001 0.503125 0.2000000000000001 0.540625 0.25468750000000007 0.540625
0 0.2578125000000001 0.434375 0.2296875000000001 0.434375 0.2296875000000001 0.4546875 0.2578125000000001 0.4546875
0 0.5000634517766497 0.6805758248730964 0.4983105964467005 0.6560358502538071 0.4473429568527919 0.6596763959390863 0.44909581218274114 0.6842163705583756
0 0.4890625 0.11093750000000005 0.465625 0.11093750000000005 0.465625 0.12656250000000005 0.4890625 0.12656250000000005
0 0.3580625 0.14981250000000002 0.34249999999999997 0.12906250000000002 0.31725000000000003 0.148 0.3328125 0.16875
0 0.8209432339449542 0.8817517201834866 0.7638904816513763 0.8646358944954132 0.7546875000000002 0.8953125000000004 0.811740252293578 0.9124283256880737
0 0.5088257711621235 0.2915642934002869 0.4858343794835007 0.26138809182209466 0.4284007352941176 0.3051470588235294 0.4513921269727403 0.33532326040172167
0 0.70421875 0.49671875000000004 0.615625 0.4671875 0.5946875 0.53 0.6832812500000001 0.55953125
0 0.5843750000000002 0.98125 0.5250000000000001 0.98125 0.5250000000000001 0.9984375 0.5843750000000002 0.9984375
0 0.6140625 0.03281250000000008 0.5875 0.03281250000000007 0.5875 0.043750000000000074 0.6140625 0.04375000000000008
0 0.3759011929460582 0.5485736514522822 0.3437110995850623 0.5399896265560166 0.33870591286307056 0.5587590767634856 0.3708960062240665 0.5673431016597512
0 0.33556985294117647 0.2532169117647059 0.3318933823529412 0.23851102941176477 0.3054227941176471 0.24512867647058828 0.3090992647058824 0.25983455882352946
0 0.6279560810810811 0.008826013513513597 0.5886824324324325 0.0022804054054054836 0.5860219594594595 0.018243243243243324 0.6252956081081081 0.024788851351351438
0 0.2058307926829268 0.6303353658536585 0.1982088414634146 0.6208079268292683 0.17820121951219509 0.636814024390244 0.1858231707317073 0.646341463414634
0 0.46214776011560693 0.4313041907514451 0.45777637283236994 0.4028901734104046 0.4191473988439306 0.40883309248554917 0.4235187861271676 0.43724710982658965
0 0.6640625000000002 0.9765625 0.6203125000000002 0.9765625 0.6203125000000002 0.9984375 0.6640625000000002 0.9984375
0 0.5140625 0.61875 0.46937500000000004 0.529375 0.313125 0.6075 0.3578125 0.696875
0 0.3139922752808989 0.4117626404494382 0.3011762640449438 0.3912570224719102 0.2796875 0.4046875000000001 0.2925035112359551 0.4251931179775282
0 0.6265625 7.252205263700732e-17 0.5578125 6.831232926493829e-17 0.5578125 0.029687500000000068 0.6265625 0.02968750000000007
0 0.8946875000000002 0.10343749999999999 0.8903125000000001 0.09468749999999995 0.8671875 0.10625 0.8715624999999999 0.11500000000000003
0 0.815625 0.06093750000000009 0.7890625 0.06093750000000009 0.7890625 0.07812500000000008 0.815625 0.07812500000000008
0 0.5343149038461538 0.15811298076923083 0.5048677884615385 0.15222355769230775 0.5 0.17656250000000007 0.5294471153846153 0.18245192307692315
0 0.453125 0.17500000000000004 0.4109375 0.17500000000000004 0.4109375 0.18906250000000005 0.453125 0.18906250000000005
0 0.4078125 0.13281250000000006 0.3703125 0.13281250000000006 0.3703125 0.15000000000000005 0.4078125 0.15000000000000005
0 0.22656250000000008 0.709375 0.1781250000000001 0.709375 0.1781250000000001 0.7328125 0.22656250000000008 0.7328125
0 0.5806014150943397 0.7788325471698114 0.5382959905660378 0.766745283018868 0.5309846698113209 0.7923349056603775 0.5732900943396227 0.8044221698113209
0 0.6229687500000001 0.9248437500000002 0.5264062500000002 0.8926562500000002 0.5104687500000001 0.9404687500000002 0.6070312500000001 0.9726562500000002
0 0.7734375 0.48437500000000017 0.725 0.4843750000000001 0.725 0.5015625000000001 0.7734375 0.5015625000000001
0 0.5683861301369866 0.74576198630137 0.5295162671232878 0.7311857876712329 0.5179580479452055 0.7620077054794523 0.5568279109589043 0.7765839041095892
0 0.7217548076923077 0.0681490384615386 0.7033653846153844 0.05588942307692317 0.6971153846153845 0.06526442307692322 0.7155048076923076 0.07752403846153863
0 0.46983173076923085 0.33353365384615385 0.4665865384615385 0.31730769230769235 0.4305288461538462 0.3245192307692307 0.4337740384615385 0.3407451923076923
0 0.2954988532110091 0.19541284403669726 0.29137041284403664 0.181651376146789 0.26456422018348624 0.18969323394495413 0.2686926605504587 0.2034547018348624
0 0.640625 0.578125 0.615625 0.578125 0.615625 0.5984375 0.640625 0.5984375
0 0.7655236774744025 0.05929500853242322 0.7631665955631398 0.03925981228668942 0.7229148890784982 0.0439953071672355 0.725271970989761 0.0640305034129693
0 0.5240384615384616 0.04074519230769238 0.5096153846153846 0.03786057692307698 0.5064903846153845 0.05348557692307698 0.5209134615384616 0.05637019230769238
0 0.9379898648648648 0.7507516891891892 0.8145819256756756 0.5176478040540541 0.5321579391891892 0.6671663851351352 0.6555658783783784 0.9002702702702703
0 0.5701609697933228 0.6926371224165341 0.5683177662957074 0.6695970786963433 0.51708316772655 0.6736958465818759 0.5189263712241654 0.6967358903020667
0 0.2759417808219178 0.18167808219178086 0.2723458904109589 0.1720890410958904 0.24717465753424653 0.18152825342465756 0.2507705479452055 0.191117294520548
0 0.6872868497109825 0.19919797687861282 0.6307117052023121 0.15912391618497126 0.6013547687861271 0.20056900289017357 0.6579299132947976 0.24064306358381513
0 0.5122069256756757 0.9608353040540539 0.5101925675675676 0.8742179054054053 0.4575684121621621 0.8754417229729731 0.4595827702702702 0.9620591216216215
0 0.37747596153846164 0.8960576923076925 0.34365384615384625 0.8767307692307693 0.33144230769230776 0.8981009615384616 0.36526442307692314 0.9174278846153847
0 0.3609375 0.06250000000000004 0.33125 0.06250000000000004 0.33125 0.07812500000000004 0.3609375 0.07812500000000004
0 0.974260232300885 0.24234651548672578 0.9455337389380529 0.24043141592920364 0.9445934734513273 0.2545353982300886 0.9733199668141592 0.25645049778761075
0 0.2828125 0.1515625 0.278125 0.14218749999999997 0.26187499999999997 0.15031250000000002 0.26656250000000004 0.1596875
0 0.8505882352941174 0.10672794117647073 0.8430606617647058 0.0948988970588236 0.8159650735294116 0.11214154411764712 0.8234926470588235 0.12397058823529425
0 0.7232178381962865 0.4122513262599471 0.691520225464191 0.39045921750663143 0.6820830570291777 0.4041860079575598 0.7137806697612732 0.4259781167108755
0 0.2625 0.15937500000000004 0.24375 0.15937500000000004 0.24375 0.17187500000000006 0.2625 0.17187500000000006
0 0.492875 0.21887500000000007 0.398825 0.20177500000000004 0.39239999999999997 0.2371125 0.48644999999999994 0.25421250000000006
0 0.6493725741002118 0.42719543930839804 0.5096804428369797 0.38451173253352156 0.49380292872265363 0.43647450599858867 0.6334950599858857 0.47915821277346515
0 0.18515625000000005 0.46953125000000007 0.16562500000000005 0.45000000000000007 0.14609375000000005 0.46953125000000007 0.16562500000000005 0.48906250000000007
0 0.7266440984474241 0.43865340508115747 0.5130767025405787 0.37339670077628806 0.49380292872265363 0.43647450599858867 0.707370324629499 0.501731210303458
0 0.6959437344139652 0.04831281172069833 0.6337554551122195 0.04520339775561105 0.6326020885286783 0.068270729426434 0.6947903678304239 0.07138014339152128
0 0.28823902027027026 0.6479096283783783 0.278737331081081 0.6346072635135134 0.25745354729729725 0.6498099662162161 0.2669552364864865 0.663112331081081
0 0.3501931179775281 0.496558988764045 0.3133339185393259 0.48805301966292136 0.3090941011235956 0.5064255617977528 0.3459533005617978 0.5149315308988764
0 0.5139302210009353 0.737624970767072 0.4984374999999999 0.6984375 0.4226394410664172 0.7284041744621141 0.43813216206735267 0.7675916452291862
0 0.3742976485148515 0.9370235148514855 0.3661293316831683 0.915581683168317 0.32240099009900985 0.9322400990099011 0.3305693069306931 0.9536819306930695