2 0.4421875 0.2218750000000001 0.3828125 0.2218750000000001 0.3828125 0.2593750000000001 0.4421875 0.2593750000000001
2 0.3359375 0.2140625 0.259375 0.2140625 0.259375 0.2375 0.3359375 0.2375
2 0.515625 0.14375000000000004 0.48125 0.14375000000000004 0.48125 0.16562500000000005 0.515625 0.16562500000000005
2 0.721875 0.26250000000000007 0.6984375 0.26250000000000007 0.6984375 0.2765625000000001 0.721875 0.2765625000000001
2 0.5359375 0.27031250000000007 0.5125 0.27031250000000007 0.5125 0.2828125000000001 0.5359375 0.2828125000000001
2 0.16406250000000006 0.359375 0.11562500000000005 0.359375 0.11562500000000005 0.38125 0.16406250000000006 0.38125
2 0.23125 0.14843750000000006 0.184375 0.14843750000000006 0.184375 0.16406250000000006 0.23125 0.16406250000000006
2 0.31562500000000004 0.353125 0.278125 0.353125 0.27812500000000007 0.384375 0.3156250000000001 0.384375
2 0.4875 0.403125 0.453125 0.403125 0.453125 0.43125 0.4875 0.43125
2 0.921875 0.49531250000000016 0.8875 0.49531250000000016 0.8875 0.5078125000000002 0.921875 0.5078125000000002
1 0.8796875 0.44218750000000007 0.5796875 0.4421875 0.5796875000000001 0.834375 0.8796875 0.834375
1 0.509375 0.4984375 0.37968750000000007 0.4984375 0.37968750000000007 0.5453125 0.509375 0.5453125
1 0.10781250000000013 0.9265625 0.04062500000000011 0.9265625 0.04062500000000012 0.95625 0.10781250000000013 0.95625
1 0.7906250000000001 0.8609375 0.6171875000000002 0.8609375 0.6171875000000002 0.9234375 0.7906250000000001 0.9234375
2 0.9109375 0.2750000000000001 0.875 0.2750000000000001 0.875 0.3187500000000001 0.9109375 0.3187500000000001