1 0.640625 0.3046875000000001 0.4578125 0.3046875000000001 0.4578125 0.471875 0.640625 0.471875
1 0.5593750000000001 0.596875 0.4234375 0.596875 0.4234375000000001 0.78125 0.5593750000000002 0.78125
1 0.8734375 0.3437500000000001 0.7859375 0.3437500000000001 0.7859375 0.4343750000000002 0.8734375 0.4343750000000002
0 0.8661739864864867 0.3326435810810812 0.8015625000000002 0.32187500000000013 0.7819256756756758 0.4396959459459461 0.8465371621621622 0.4504645270270272
0 0.6197610294117647 0.6084558823529411 0.581985294117647 0.5454963235294118 0.5475183823529411 0.5661764705882353 0.5852941176470587 0.6291360294117647
0 0.920933219178082 0.49488441780821935 0.9127782534246573 0.4731378424657535 0.8936001712328767 0.4803296232876713 0.9017551369863014 0.5020761986301372
0 0.7546875 0.7156249999999998 0.74046875 0.6729687499999999 0.7249999999999999 0.678125 0.7392187499999998 0.7207812499999999
0 0.2919670643153527 0.38432961618257266 0.2825531639004149 0.349027489626556 0.2667984958506223 0.353228734439834 0.27621239626556016 0.38853086099585066
0 0.9272794117647061 0.5390073529411767 0.8608823529411767 0.4820955882352943 0.8202941176470591 0.5294485294117649 0.8866911764705885 0.5863602941176473
0 0.8204231194690264 0.6217782079646017 0.7967090707964603 0.5946764380530976 0.7811117256637168 0.608324115044248 0.804825774336283 0.6354258849557523
0 0.42500000000000016 0.803125 0.4046875000000002 0.803125 0.4046875000000002 0.8296875 0.42500000000000016 0.8296875
0 0.363001179245283 0.2896521226415094 0.3288767688679245 0.2282281839622642 0.259094929245283 0.2669958726415095 0.29321933962264146 0.3284198113207547
0 0.8312338917525771 0.5597293814432989 0.816027706185567 0.5255154639175258 0.7976159793814432 0.5336984536082474 0.8128221649484534 0.5679123711340206
0 0.6357209158415842 0.2881033415841585 0.4850402227722773 0.27303527227722785 0.46565594059405946 0.4668780940594061 0.6163366336633664 0.48194616336633683
0 0.3673349056603773 0.7434846698113208 0.3574882075471697 0.7090212264150942 0.3380896226415093 0.714563679245283 0.3479363207547169 0.7490271226415095
0 0.3634855769230769 0.39538461538461533 0.3541346153846154 0.32057692307692304 0.3156730769230769 0.3253846153846154 0.32502403846153843 0.4001923076923076
0 0.39612585616438356 0.6250856164383563 0.3816780821917808 0.5865582191780823 0.36866438356164377 0.5914383561643837 0.38311215753424654 0.6299657534246577
0 0.3359375000000001 0.4671875 0.3140625000000001 0.4671875 0.3140625000000001 0.5203125 0.3359375000000001 0.5203125
0 0.8284375 0.5928125000000001 0.8143750000000001 0.5646875 0.803125 0.5703125 0.8171875 0.5984375