0 0.715625 0.6296875 0.653125 0.6296875 0.653125 0.684375 0.715625 0.684375
0 0.6765625 0.496875 0.6171875 0.496875 0.6171875 0.525 0.6765625 0.525
0 0.8578125 0.6000000000000002 0.81875 0.6000000000000002 0.81875 0.6281250000000002 0.8578125 0.6281250000000002
0 0.7312500000000002 0.7812500000000001 0.6625000000000002 0.78125 0.6625000000000002 0.8296875 0.7312500000000002 0.8296875
0 0.6281250000000002 0.7296875 0.5859375000000002 0.7296875 0.5859375000000002 0.7828125 0.6281250000000002 0.7828125
0 0.3937500000000001 0.55 0.3390625000000001 0.55 0.3390625000000001 0.578125 0.3937500000000001 0.578125
2 0.2927262931034484 0.6466594827586208 0.27896012931034486 0.6407596982758621 0.26004849137931035 0.6848868534482758 0.27381465517241393 0.6907866379310346
2 0.74375 0.6953125000000001 0.7140625 0.6953125 0.7140625 0.7203125000000001 0.74375 0.7203125000000001
2 0.9546875 0.7921875000000002 0.915625 0.7921875000000002 0.915625 0.8171875 0.9546875 0.8171875
2 0.9241131756756757 0.8537584459459462 0.9096706081081081 0.8513513513513515 0.9071790540540541 0.8663006756756758 0.9216216216216218 0.8687077702702704
2 0.8359375 0.9875 0.7984375000000001 0.9875 0.7984375000000001 0.9984375 0.8359375 0.9984375