0 0.4515625000000002 0.759375 0.4203125000000002 0.759375 0.4203125000000002 0.7796875 0.4515625000000002 0.7796875
0 0.8390625 0.6531250000000002 0.803125 0.6531250000000002 0.803125 0.6750000000000002 0.8390625 0.6750000000000002
0 0.381382705479452 0.8926669520547945 0.3784631849315068 0.8649315068493152 0.32787243150684925 0.8702568493150686 0.3307919520547945 0.8979922945205479
0 0.47112499999999996 0.610375 0.46821874999999996 0.5900312499999999 0.42818749999999994 0.59575 0.43109374999999994 0.61609375
0 0.8441271551724139 0.5435883620689657 0.7926724137931034 0.5230064655172415 0.7793103448275862 0.5564116379310345 0.8307650862068966 0.5769935344827587
0 0.7598164498141265 0.6049488847583645 0.6962244423791824 0.596654275092937 0.6931749535315986 0.6200336895910782 0.7567669609665428 0.6283282992565058
0 0.7328125000000002 0.7906250000000001 0.7031250000000002 0.790625 0.7031250000000002 0.8078125 0.7328125000000002 0.8078125
0 0.7564021674584323 0.5825378562945368 0.7502096941805225 0.4029561312351543 0.5331186906175771 0.4104420279097386 0.5393111638954868 0.5900237529691211
0 0.7416089965397923 0.9251081314878892 0.7002487024221453 0.9030493079584774 0.6943230968858132 0.9141598183391004 0.73568339100346 0.936218641868512
0 0.8796875 0.7609375 0.8465624999999999 0.7443750000000001 0.83625 0.7650000000000002 0.8693749999999998 0.7815625000000002
0 0.8992936643835616 0.6206335616438358 0.8718964041095889 0.610359589041096 0.866759417808219 0.6240582191780824 0.8941566780821919 0.634332191780822
0 0.8078125 0.5890625000000002 0.7828125 0.5890625000000002 0.7828125 0.6015625000000002 0.8078125 0.6015625000000002
0 0.19794964866237727 0.7902932399254996 0.17296446410430072 0.6799420081273282 0.1067537250253979 0.694933118862174 0.13173890958347445 0.8052843506603455
0 0.5800000000000001 0.48343749999999996 0.570625 0.4646875 0.545625 0.4771875 0.5549999999999999 0.4959375
0 0.9133724619289341 0.798151967005076 0.9117068527918782 0.7748334390862944 0.8855012690355331 0.776705266497462 0.8871668781725889 0.8000237944162434
0 0.5000000000000002 0.9375 0.4734375000000002 0.9375 0.4734375000000002 0.9578125 0.5000000000000002 0.9578125
0 0.47855852601156085 0.49718208092485555 0.4325325144508671 0.4901011560693642 0.4246387283236994 0.5414107658959538 0.47066473988439317 0.5484916907514451
0 0.7393382352941176 0.6198529411764705 0.7232536764705881 0.5555147058823529 0.6688419117647058 0.5691176470588235 0.6849264705882352 0.6334558823529411
0 0.3110066371681416 0.5630254424778761 0.3037472345132744 0.554728982300885 0.28284015486725667 0.5730226769911505 0.2900995575221239 0.5813191371681417
0 0.5203125 0.671875 0.5 0.671875 0.5 0.721875 0.5203125 0.721875
0 0.6235783811475409 0.4093621926229508 0.6222207991803278 0.3944287909836065 0.5884093237704917 0.3975025614754098 0.5897669057377048 0.41243596311475406
0 0.24416273584905657 0.5498820754716981 0.23932783018867926 0.5329599056603773 0.2147700471698113 0.5399764150943397 0.21960495283018866 0.5568985849056605
0 0.38906250000000014 0.484375 0.3720625000000001 0.47162500000000007 0.35950000000000004 0.4883750000000001 0.3765000000000001 0.501125
0 0.5027573529411765 0.7795955882352942 0.45827205882352945 0.7684742647058824 0.45110294117647065 0.7971507352941177 0.4955882352941178 0.8082720588235295
0 0.9049561317034704 0.6920322358044166 0.8382911080441644 0.6840324329652999 0.8344390772870666 0.7161326892744483 0.9011041009463726 0.724132492113565
0 0.9078125 0.95 0.8359375 0.95 0.8359375 0.9984375 0.9078125 0.9984375
0 0.8098125000000002 0.7780625000000003 0.7535625000000001 0.7358750000000003 0.7321875000000001 0.7643750000000004 0.7884375000000001 0.8065625000000004
0 0.23453165167095116 0.547610057840617 0.20428582904884318 0.49619215938303346 0.10315713367609254 0.5556796272493574 0.1334029562982005 0.6070975257069409
1 0.6859375000000001 0.640625 0.55 0.640625 0.55 0.8515625 0.6859375000000002 0.8515625