0 0.459375 0.4796875 0.3984375000000001 0.4796875 0.3984375000000001 0.5109375 0.459375 0.5109375
0 0.6765625 0.5265625 0.646875 0.5265625 0.646875 0.5453125 0.6765625 0.5453125
0 0.4072596153846154 0.6518269230769232 0.35403846153846164 0.6104326923076925 0.3160937500000001 0.6592187500000002 0.3693149038461539 0.700612980769231
0 0.5985937499999998 0.33546875 0.5954999999999999 0.31381250000000005 0.571 0.31731250000000005 0.57409375 0.33896875
0 0.45000000000000007 0.5000000000000001 0.44000000000000006 0.48 0.40499999999999997 0.49749999999999994 0.41500000000000004 0.5175000000000001
0 0.3515625000000001 0.5718750000000001 0.3275 0.5581250000000001 0.3209615384615385 0.5695673076923078 0.34502403846153856 0.5833173076923078
0 0.9964368556701031 0.560673324742268 0.994346005154639 0.5146746134020619 0.9701771907216493 0.5157731958762887 0.9722680412371133 0.5617719072164948
0 0.5482263513513514 0.538766891891892 0.5330236486486488 0.5362331081081082 0.5310388513513515 0.5481418918918921 0.5462415540540542 0.5506756756756758
0 0.32003403465346547 0.46997215346534665 0.30781250000000004 0.4687500000000001 0.30617264851485154 0.48514851485148525 0.3183941831683169 0.4863706683168318
0 0.38269457547169805 0.34802476415094336 0.37438089622641507 0.31892688679245285 0.2841981132075471 0.34469339622641515 0.2925117924528301 0.37379127358490566
0 0.5703125 0.22812500000000008 0.55625 0.22812500000000008 0.55625 0.24218750000000008 0.5703125 0.24218750000000008
0 0.6953125 0.35625000000000007 0.6796875 0.35625000000000007 0.6796875 0.3703125000000001 0.6953125 0.3703125000000001
0 0.38750000000000007 0.3656250000000001 0.3609375000000001 0.36562500000000003 0.3609375000000001 0.37343750000000003 0.38750000000000007 0.3734375000000001
0 0.5808173076923077 0.6324759615384615 0.5789903846153845 0.6178605769230769 0.5716826923076922 0.6187740384615384 0.5735096153846153 0.633389423076923
0 0.6921875 0.25468750000000007 0.66875 0.25468750000000007 0.66875 0.2640625000000001 0.6921875 0.2640625000000001
0 0.86875 0.5781250000000002 0.84375 0.5781250000000002 0.84375 0.5937500000000002 0.86875 0.5937500000000002
0 0.6971875 0.24156250000000012 0.6703124999999999 0.22812500000000008 0.6649999999999999 0.23875000000000007 0.691875 0.2521875000000001
0 0.36966391509433966 0.5100825471698114 0.3376768867924529 0.5009433962264151 0.3343750000000001 0.5125000000000001 0.36636202830188686 0.5216391509433963
0 0.43125 0.5875 0.38750000000000007 0.5875 0.38750000000000007 0.6078125 0.43125 0.6078125
0 0.48618084016393437 0.5714267418032788 0.484874487704918 0.5570568647540983 0.4527535860655737 0.5599769467213114 0.45405993852459015 0.5743468237704918
0 0.6601562499999999 0.5804687500000001 0.646875 0.5671875000000002 0.615625 0.5984375000000002 0.6289062499999999 0.6117187500000001
0 0.4784958128311885 0.6593613976154431 0.41440137679788036 0.5745913370552612 0.3868074612036335 0.5954550293338381 0.45090189723694174 0.68022508989402