1 0.625 0.4578125 0.5140625 0.4578125 0.5140625 0.521875 0.625 0.521875
1 0.1781250000000001 0.584375 0.1218750000000001 0.584375 0.1218750000000001 0.7578125 0.1781250000000001 0.7578125
1 0.865625 0.7093750000000002 0.790625 0.7093750000000002 0.7906250000000001 0.7421875000000002 0.865625 0.7421875000000002
1 0.7578125 0.565625 0.70625 0.565625 0.70625 0.6171875000000001 0.7578125 0.6171875000000002
2 0.746875 0.3750000000000001 0.7015625 0.3750000000000001 0.7015625 0.40312500000000007 0.746875 0.4031250000000002
1 0.5359375 0.2734375000000001 0.4828125 0.2734375000000001 0.4828125 0.3062500000000001 0.5359375 0.3062500000000001
0 0.16562500000000005 0.428125 0.13593750000000004 0.428125 0.13593750000000004 0.45 0.16562500000000005 0.45
3 0.5078125 0.63125 0.453125 0.63125 0.453125 0.65625 0.5078125 0.65625
3 0.2468750000000001 0.5140625 0.19375000000000003 0.5140625 0.19375000000000006 0.553125 0.2468750000000001 0.553125
3 0.4828125 0.3531250000000001 0.4390625 0.3531250000000001 0.4390625 0.3968750000000001 0.4828125 0.3968750000000001
3 0.4546875 0.20468750000000008 0.409375 0.20468750000000008 0.409375 0.2296875000000001 0.4546875 0.2296875000000001
3 0.575 0.6703125 0.546875 0.6703125 0.546875 0.7171875 0.575 0.7171875
3 0.434375 0.07656250000000005 0.4 0.07656250000000005 0.4 0.09375000000000004 0.434375 0.09375000000000004
3 0.50625 0.057812500000000065 0.4640625 0.057812500000000065 0.4640625 0.09687500000000007 0.50625 0.09687500000000007