0 0.33978365384615394 0.6651442307692308 0.2986177884615386 0.6569110576923076 0.29362980769230773 0.6818509615384617 0.3347956730769231 0.6900841346153846
0 0.3169471153846154 0.4894230769230769 0.3116586538461539 0.46298076923076925 0.26177884615384617 0.4729567307692307 0.2670673076923077 0.49939903846153844
0 0.5435213414634147 0.45830792682926835 0.4764672256097562 0.45085746951219513 0.4712652439024391 0.49767530487804884 0.5383193597560976 0.5051257621951221
0 0.43315496575342466 0.43919092465753423 0.3946275684931507 0.4247431506849315 0.3897474315068494 0.43775684931506864 0.42827482876712325 0.4522046232876713
0 0.7494485294117647 0.7475183823529413 0.7240808823529413 0.7411764705882353 0.7147977941176473 0.7783088235294118 0.7401654411764707 0.7846507352941178
0 0.3881497524752476 0.9278774752475247 0.3675742574257427 0.9258199257425742 0.3655012376237625 0.9465501237623762 0.38607673267326736 0.9486076732673266
0 0.4379548267326734 0.3657982673267327 0.3986974009900991 0.27822400990099005 0.3382209158415842 0.30533415841584155 0.3774783415841585 0.3929084158415842
0 0.5669852941176472 0.28955882352941187 0.5433088235294119 0.269264705882353 0.5328308823529413 0.28148897058823535 0.5565073529411766 0.3017830882352942
0 0.46881009615384617 0.5246995192307693 0.4312500000000001 0.5171875 0.4262019230769232 0.5424278846153847 0.46376201923076926 0.5499399038461539
0 0.44843750000000016 0.765625 0.40937500000000016 0.765625 0.40937500000000016 0.8 0.44843750000000016 0.8
0 0.27425000000000005 0.4099375000000001 0.25775000000000003 0.38793750000000005 0.22175000000000003 0.41493750000000007 0.23825000000000007 0.4369375000000001
0 0.50625 0.37031250000000016 0.459375 0.3234375000000001 0.440625 0.3421875000000001 0.4875 0.38906250000000014
0 0.4606125553097346 0.6783116703539822 0.42462665929203547 0.675912610619469 0.4230503318584072 0.6995575221238939 0.4590362278761063 0.7019565818584071
0 0.3865846893491124 0.5968842455621302 0.3339959319526627 0.5749722633136095 0.3256286982248521 0.595053624260355 0.37821745562130177 0.6169656065088758
0 0.2468750000000001 0.5140625 0.22656250000000008 0.5140625 0.22656250000000008 0.5328125 0.2468750000000001 0.5328125
0 0.43924180327868856 0.9675973360655739 0.41972336065573773 0.9513319672131149 0.41037397540983617 0.9625512295081968 0.42989241803278694 0.9788165983606559
0 0.8810975209863589 0.7122917759706191 0.8643231899265477 0.6761624475341028 0.788988719832109 0.711139165792235 0.8057630508919204 0.7472684942287512
0 0.7671875000000001 0.6781250000000001 0.7499375000000003 0.6551250000000002 0.7306875000000003 0.6695625000000002 0.7479375000000001 0.6925625
0 0.41280048076923076 0.2516225961538462 0.38515625 0.24609375000000006 0.38016826923076924 0.27103365384615385 0.4078125 0.27656250000000004
0 0.2796875000000001 0.828125 0.2562500000000001 0.828125 0.2562500000000001 0.8515625 0.2796875000000001 0.8515625
0 0.32298119469026554 0.42871957964601765 0.2877212389380531 0.4263689159292035 0.28649751106194693 0.4447248340707965 0.32175746681415934 0.4470754977876107
0 0.7112499999999999 0.7240624999999999 0.695625 0.6928124999999999 0.6725000000000001 0.704375 0.688125 0.735625
0 0.537324018771331 0.4600895904436861 0.47803434300341296 0.4531143344709898 0.475847909556314 0.4716990187713311 0.5351375853242321 0.47867427474402735
0 0.7365099009900992 0.4708384900990101 0.689789603960396 0.4661664603960397 0.6875618811881188 0.488443688118812 0.7342821782178219 0.4931157178217823
0 0.7138768564356435 0.8012685643564359 0.7088954207920792 0.7514542079207922 0.6419090346534654 0.7581528465346536 0.6468904702970297 0.8079672029702971
0 0.4921875 0.4296875 0.46875 0.4296875 0.46875 0.44375 0.4921875 0.44375
0 0.4684375 0.7384375000000001 0.43000000000000016 0.725625 0.4192187500000001 0.7579687500000001 0.45765625 0.77078125
0 0.6406250000000001 0.7921875000000002 0.617679794520548 0.7835830479452056 0.6058005136986302 0.8152611301369864 0.6287457191780823 0.823865582191781
0 0.215625 0.596875 0.19687500000000002 0.578125 0.1734375 0.6015625 0.1921875 0.6203125
0 0.9078125 0.2578125000000001 0.890625 0.2578125000000001 0.890625 0.2843750000000001 0.9078125 0.2843750000000001
0 0.452125 0.5054375 0.4359375 0.503125 0.43403125 0.51646875 0.45021875 0.5187812500000001
0 0.6831009615384614 0.4692548076923078 0.6729086538461537 0.4514182692307693 0.6496875 0.4646875 0.6598798076923076 0.4825240384615386
0 0.48656249999999995 0.5012500000000001 0.464375 0.45687500000000003 0.43437500000000007 0.471875 0.4565625000000001 0.5162500000000001
0 0.3187500000000001 0.3703125 0.27031250000000007 0.3703125 0.27031250000000007 0.39375 0.3187500000000001 0.39375
0 0.44869612068965514 0.23908405172413802 0.42542025862068955 0.2371443965517242 0.4226508620689654 0.2703771551724138 0.445926724137931 0.27231681034482763
0 0.44189116379310345 0.5831627155172414 0.4313846982758621 0.5586476293103448 0.41214978448275863 0.5668911637931034 0.42265625 0.59140625
0 0.5381250000000001 0.6753125000000001 0.4856250000000001 0.6490625000000001 0.47562500000000013 0.6690625000000001 0.5281250000000001 0.6953125000000001
0 0.6497596153846154 0.12307692307692308 0.6341346153846154 0.09963942307692308 0.5775240384615385 0.13737980769230768 0.5931490384615385 0.16081730769230768
0 0.4826498868778281 0.9092053167420815 0.41732183257918554 0.8858738687782806 0.4095446832579185 0.9076498868778282 0.4748727375565611 0.9309813348416291
0 0.2876266891891892 0.5679476351351351 0.2817989864864865 0.5329814189189189 0.20857263513513513 0.5451858108108109 0.21440033783783785 0.5801520270270271
0 0.33359375 0.39609375000000013 0.29374999999999996 0.35625000000000007 0.26484374999999993 0.38515625000000003 0.30468750000000006 0.42500000000000016
0 0.29375000000000007 0.6921875 0.2515625000000001 0.6921875 0.2515625000000001 0.7109375 0.29375000000000007 0.7109375
0 0.4279153963414635 0.48001143292682935 0.4021913109756098 0.47715320121951227 0.400438262195122 0.49293064024390254 0.4261623475609757 0.4957888719512196
0 0.3611778846153847 0.6371394230769232 0.3175480769230769 0.6080528846153846 0.30120192307692306 0.6325721153846153 0.3448317307692308 0.6616586538461539
0 0.7134120475113122 0.44259049773755665 0.684481052036199 0.4162895927601811 0.6720376131221719 0.429977375565611 0.700968608597285 0.4562782805429865
0 0.3829963235294118 0.528952205882353 0.3625367647058825 0.5114154411764706 0.3530514705882354 0.5224816176470589 0.37351102941176473 0.5400183823529413
0 0.3851470588235294 0.4012132352941177 0.3586764705882353 0.3953308823529412 0.3534558823529412 0.41882352941176465 0.3799264705882353 0.42470588235294116
0 0.3721250000000001 0.3841875 0.3323750000000001 0.3311875000000001 0.309875 0.34806250000000005 0.349625 0.4010625