0 0.76875 0.6953125000000002 0.746875 0.6953125000000002 0.746875 0.7140625000000002 0.76875 0.7140625000000002
0 0.2087392241379312 0.8388793103448278 0.1664547413793105 0.8353556034482759 0.16441810344827598 0.8597952586206897 0.2067025862068967 0.8633189655172415
0 0.4156250000000002 0.8875 0.34062500000000007 0.8875 0.34062500000000007 0.940625 0.4156250000000002 0.940625
0 0.6964239690721648 0.7833601804123711 0.6834729381443297 0.7542203608247424 0.6451997422680411 0.7712306701030929 0.658150773195876 0.8003704896907216
0 0.7859375 0.6437500000000002 0.7640625 0.6437500000000002 0.7640625 0.6703125000000002 0.7859375 0.6703125000000002
0 0.73125 0.042187500000000086 0.6890625 0.042187500000000086 0.6890625 0.06093750000000009 0.73125 0.06093750000000009
0 0.4136298076923078 0.8390384615384617 0.35927884615384625 0.8079807692307692 0.3406250000000001 0.840625 0.3949759615384616 0.8716826923076925
0 0.3078125000000001 0.890625 0.22656250000000008 0.890625 0.22656250000000008 0.921875 0.3078125000000001 0.921875
0 0.6960616438356165 0.7907106164383564 0.6741438356164385 0.7824914383561645 0.6570633561643838 0.828039383561644 0.6789811643835618 0.8362585616438357
0 0.11977163461538469 0.6995793269230769 0.09302884615384624 0.6942307692307692 0.08930288461538467 0.712860576923077 0.11604567307692312 0.7182091346153847
0 0.3546875000000001 0.9328125 0.3140625000000001 0.9328125 0.3140625000000001 0.95625 0.3546875000000001 0.95625
0 0.4906250000000002 0.7546875000000002 0.4609375000000001 0.7250000000000002 0.4453125000000001 0.7406250000000002 0.4750000000000002 0.7703125000000002
0 0.08063799234135674 0.4551661652078776 0.02348536652078782 0.44427995076586446 0.0035318654266959237 0.5490358315098469 0.06068449124726485 0.55992204595186
0 0.16688701923076926 0.3828725961538462 0.15823317307692308 0.33960336538461544 0.09993990384615385 0.3512620192307693 0.10859375 0.39453125000000006
0 0.2764150943396227 0.8700471698113208 0.22647405660377357 0.8557783018867926 0.21992924528301883 0.8786851415094341 0.26987028301886795 0.8929540094339625
0 0.18238146551724138 0.7754849137931036 0.17279094827586206 0.7515086206896552 0.14046336206896554 0.7644396551724137 0.15005387931034486 0.7884159482758621
0 0.06718750000000007 0.6046875 0.039062500000000076 0.6046875 0.039062500000000076 0.63125 0.06718750000000007 0.63125
0 0.35200128424657545 0.5649721746575344 0.3099743150684932 0.5458690068493152 0.29627568493150686 0.576005993150685 0.3383026541095891 0.5951091609589042
0 0.2877693965517242 0.5860452586206897 0.16681034482758622 0.5376616379310344 0.14515086206896552 0.5918103448275862 0.2661099137931035 0.6401939655172415
0 0.15700708762886598 0.22709407216494845 0.1416720360824742 0.19259020618556702 0.10310889175257731 0.20972938144329895 0.11844394329896908 0.2442332474226804
0 0.23082535414480584 0.7919940320041972 0.20418251573976914 0.7346094569779643 0.12421137198321089 0.7717389165792234 0.1508542103882476 0.8291234916054565
0 0.24300685975609762 0.377000762195122 0.1761242378048781 0.3695693597560976 0.17214176829268296 0.4054115853658537 0.23902439024390248 0.4128429878048781
0 0.10468750000000009 0.634375 0.02968750000000008 0.634375 0.029687500000000082 0.6890625 0.10468750000000009 0.6890625
0 0.5742949695121953 0.840720274390244 0.5504573170731708 0.8380716463414635 0.5490091463414636 0.8511051829268294 0.5728467987804879 0.8537538109756099
0 0.8898246951219514 0.7509527439024393 0.8701600609756099 0.7263719512195124 0.8572027439024392 0.736737804878049 0.8768673780487806 0.7613185975609758
0 0.4770680147058822 0.7887408088235295 0.43088235294117644 0.761029411764706 0.4169577205882353 0.7842371323529411 0.4631433823529411 0.8119485294117647
0 0.13373161764705882 0.11194852941176472 0.08593750000000001 0.1 0.0796875 0.12500000000000006 0.12748161764705881 0.13694852941176475
0 0.3211745689655173 0.6927801724137932 0.27478448275862066 0.6728987068965517 0.26427801724137934 0.6974137931034483 0.310668103448276 0.7172952586206897
0 0.20546875 0.29609375 0.15769230769230774 0.2865384615384615 0.14879807692307695 0.33100961538461543 0.1965745192307692 0.3405649038461539
0 0.6572115384615385 0.8594951923076926 0.6334134615384613 0.8436298076923077 0.6014423076923074 0.8915865384615385 0.6252403846153847 0.9074519230769231
0 0.8 0.2312500000000001 0.7515625 0.2312500000000001 0.7515625 0.2671875000000001 0.8 0.2671875000000001
0 0.45071875000000006 0.1496562500000001 0.41746875000000017 0.1449062500000001 0.41359375000000015 0.17203125000000008 0.44684375000000004 0.17678125000000008
0 0.812535350678733 0.8186510180995477 0.7879878393665158 0.8098840497737558 0.776993778280543 0.8406674208144796 0.8015412895927602 0.8494343891402714
0 0.27734375000000006 0.06953125000000004 0.22296875000000002 0.05140625000000003 0.21140625000000002 0.08609375000000001 0.26578125 0.10421875000000003
0 0.09002890173410404 0.5945628612716762 0.08330924855491331 0.5508851156069364 0.00370303468208093 0.563132225433526 0.010422687861271662 0.6068099710982658
0 0.23310096153846155 0.5010576923076924 0.19692307692307703 0.48038461538461535 0.17721153846153853 0.5148798076923078 0.21338942307692305 0.5355528846153847
0 0.7904062500000001 0.5015312500000001 0.7254375000000002 0.49225000000000013 0.7161250000000001 0.5574375000000001 0.78109375 0.5667187500000003
0 0.22812500000000008 0.778125 0.1984375000000001 0.778125 0.1984375000000001 0.796875 0.22812500000000008 0.796875
0 0.4807010135135136 0.6263935810810812 0.4768158783783784 0.6030827702702704 0.4345016891891892 0.6101351351351352 0.4383868243243244 0.633445945945946
0 0.24429898648648649 0.02673141891891892 0.24108952702702702 0.007474662162162166 0.21245777027027027 0.012246621621621623 0.21566722972972974 0.031503378378378376
0 0.09246323529411768 0.23170955882352945 0.05716911764705884 0.22288602941176472 0.04512867647058825 0.2710477941176471 0.08042279411764708 0.2798713235294118
0 0.40258413461538467 0.4417668269230769 0.36231971153846154 0.43371394230769234 0.35450721153846154 0.47277644230769234 0.3947716346153846 0.480829326923077
0 0.07283653846153851 0.3373798076923077 0.031069711538461574 0.3290264423076923 0.01550480769230772 0.4068509615384615 0.05727163461538465 0.4152043269230769
0 0.529375 0.7071875000000001 0.500875 0.6858125 0.4886875 0.7020625 0.5171875 0.7234375000000001
0 0.3189227941176471 0.885371323529412 0.17290441176470597 0.8258823529411765 0.15136948529411773 0.8787408088235296 0.2973878676470589 0.9382297794117648
0 0.4546875000000002 0.9062500000000002 0.4296875000000001 0.8812500000000002 0.41796875 0.8929687500000002 0.4429687500000002 0.9179687500000003
0 0.3809963931469793 0.6569643259693418 0.32298382551848515 0.6059132664562669 0.279805849864743 0.6549791478809739 0.33781841749323716 0.7060302073940488