0 0.3359375000000001 0.56875 0.2562500000000001 0.56875 0.2562500000000001 0.6484375 0.3359375000000001 0.6484375
0 0.4078125 0.4625 0.3421875000000001 0.4625 0.3421875000000001 0.5140625 0.4078125 0.5140625
0 0.18437500000000004 0.4875 0.13750000000000004 0.4875 0.13750000000000004 0.5296875 0.18437500000000004 0.5296875
0 0.2843750000000001 0.703125 0.2000000000000001 0.703125 0.2000000000000001 0.778125 0.2843750000000001 0.778125
0 0.3734375000000001 0.696875 0.3125000000000001 0.696875 0.3125000000000001 0.765625 0.3734375000000001 0.765625
0 0.6578125 0.625 0.596875 0.625 0.596875 0.6734375 0.6578125 0.6734375
2 0.6987614329268295 0.7548971036585367 0.6802400914634148 0.7528391768292684 0.6750381097560976 0.7996570121951221 0.6935594512195122 0.8017149390243905
2 0.2515625000000001 0.628125 0.2218750000000001 0.628125 0.2218750000000001 0.6484375 0.2515625000000001 0.6484375
2 0.032198443579766534 0.6636125972762645 0.030538667315175093 0.6370561770428015 0.023340223735408554 0.6375060797665368 0.024999999999999994 0.6640624999999999
2 0.02656250000000009 0.6921875 0.004687500000000085 0.6921875 0.004687500000000086 0.715625 0.02656250000000009 0.715625
2 0.09131765463917527 0.8675740979381444 0.05393846649484542 0.8531974871134022 0.04971005154639183 0.8641913659793815 0.08708923969072169 0.8785679768041238