3 0.22812500000000005 0.2171875 0.08593750000000003 0.2171875 0.08593750000000003 0.3703125 0.22812500000000008 0.3703125
0 0.5843750000000001 0.696875 0.4765625 0.696875 0.4765625000000001 0.834375 0.5843750000000002 0.834375
0 0.16203125 0.41734374999999996 0.1540625 0.3934375 0.1390625 0.3984375 0.14703125 0.4223437499999999
0 0.1796875 0.14062500000000006 0.1609375 0.12187500000000004 0.13984375 0.14296875000000003 0.15859375 0.16171875000000005
0 0.16923076923076938 0.7399038461538463 0.13064903846153855 0.7141826923076925 0.11622596153846163 0.7358173076923078 0.15480769230769248 0.7615384615384617
0 0.3121132425742574 0.3179300742574258 0.2894183168316832 0.2901918316831684 0.2749535891089109 0.30202660891089117 0.29764851485148514 0.32976485148514856
0 0.6406250000000001 0.8906250000000002 0.6015625000000001 0.8515625000000002 0.5828125000000001 0.8703125000000004 0.6218750000000001 0.9093750000000004
0 0.5359375000000001 0.8093750000000002 0.49765625 0.77109375 0.48671875 0.7820312500000001 0.525 0.8203125000000002
0 0.5577944572748267 0.6719796478060047 0.5197748267898382 0.6181185046189377 0.5052359988452655 0.6283812066974597 0.543255629330254 0.6822423498845266
0 0.3460336538461538 0.5088942307692308 0.3330528846153846 0.489423076923077 0.3092548076923077 0.5052884615384616 0.32223557692307686 0.5247596153846155
0 0.1940033783783784 0.6937077702702703 0.18745777027027027 0.6544341216216216 0.1588260135135135 0.659206081081081 0.1653716216216216 0.6984797297297297
0 0.5687500000000002 0.7578125 0.5453125000000002 0.7578125 0.5453125000000002 0.8109375 0.5687500000000002 0.8109375
0 0.19468749999999999 0.22625 0.14531250000000004 0.2015625 0.11125000000000003 0.2696875 0.160625 0.294375
0 0.505625 0.63 0.48906250000000007 0.596875 0.4728125 0.6050000000000002 0.489375 0.638125
0 0.2475 0.8340624999999999 0.23374999999999999 0.8065624999999998 0.221875 0.8125 0.23562500000000003 0.8400000000000001
0 0.09531250000000002 0.15625 0.07812500000000003 0.15625 0.07812500000000003 0.1890625 0.09531250000000002 0.1890625
0 0.4907091346153846 0.6985456730769231 0.46311298076923074 0.6630649038461538 0.4504567307692307 0.6729086538461538 0.4780528846153846 0.708389423076923
0 0.017187500000000043 0.3421875 0.015625000000000045 0.3421875 0.015625000000000045 0.3546875 0.017187500000000043 0.3546875
0 0.10554956896551726 0.6396551724137931 0.07311422413793105 0.5585668103448276 0.02165948275862071 0.5791487068965517 0.054094827586206914 0.6602370689655173
0 0.3210336538461539 0.49014423076923075 0.30949519230769235 0.4728365384615385 0.2965144230769231 0.4814903846153847 0.30805288461538466 0.4987980769230769
0 0.31656249999999997 0.1871875 0.30765624999999996 0.16046875 0.29500000000000004 0.16468750000000001 0.30390625 0.19140625
0 0.3625000000000001 0.79375 0.3453125000000001 0.79375 0.3453125000000001 0.8234375 0.3625000000000001 0.8234375
0 0.5200176886792452 0.5338443396226416 0.48885613207547174 0.524941037735849 0.4702830188679245 0.5899469339622643 0.5014445754716981 0.5988502358490567
0 0.2350625 0.6826875000000001 0.21068750000000006 0.6501875000000001 0.19943750000000005 0.6586250000000002 0.22381250000000003 0.6911250000000002
0 0.19847743610223637 0.5041234025559106 0.16012380191693293 0.4687200479233228 0.1442492012779553 0.4859175319488819 0.1826028354632587 0.5213208865814697
0 0.07859375 0.52828125 0.07615625000000001 0.51121875 0.058875 0.5136875000000001 0.061312500000000006 0.53075
0 0.236280487804878 0.12183689024390243 0.2122713414634146 0.1026295731707317 0.2032774390243902 0.11387195121951217 0.2272865853658536 0.1330792682926829
0 0.313125 0.5534375 0.28125 0.4578125 0.2203125 0.478125 0.25218749999999995 0.57375
0 0.13993750000000005 0.7655000000000001 0.1021370192307693 0.723252403846154 0.09231730769230775 0.7320384615384616 0.13011778846153849 0.7742860576923078
0 0.17898698330683627 0.6365138116057234 0.1560835651828299 0.5838359499205088 0.12397406597774244 0.5977966017488077 0.1468774841017488 0.6504744634340223
0 0.15437499999999998 0.5178125 0.13921875 0.47234375 0.10640625000000001 0.48328125 0.12156249999999999 0.5287499999999999
0 0.09587499999999997 0.44606250000000003 0.08425000000000002 0.43056250000000007 0.07475000000000002 0.4376875 0.08637499999999998 0.4531875
0 0.06562500000000004 0.34375 0.025000000000000043 0.34375 0.025000000000000043 0.3875 0.06562500000000004 0.3875
0 0.12282274590163937 0.5979252049180328 0.10760758196721318 0.5852459016393443 0.09723360655737708 0.5976946721311476 0.11244877049180327 0.6103739754098361
0 0.18054956896551724 0.33653017241379307 0.17139008620689655 0.31363146551724136 0.1490301724137931 0.3225754310344827 0.1581896551724138 0.34547413793103443
0 0.14139423076923077 0.42646634615384615 0.1370432692307692 0.39165865384615384 0.09896634615384614 0.39641826923076917 0.10331730769230767 0.43122596153846154
0 0.2025240384615385 0.3110576923076923 0.19002403846153848 0.24855769230769229 0.17079326923076926 0.25240384615384615 0.18329326923076925 0.31490384615384615
0 0.2784375000000001 0.7321875 0.21031250000000007 0.6981250000000001 0.185625 0.7475000000000002 0.25375000000000003 0.7815625000000002
0 0.5594753440366974 0.7408113532110093 0.4942517201834863 0.721244266055046 0.4801032110091744 0.7684059633027525 0.5453268348623854 0.7879730504587158
0 0.5501070205479452 0.9205479452054792 0.540535102739726 0.8296147260273973 0.4923844178082192 0.8346832191780822 0.5019563356164383 0.9256164383561641
0 0.3805288461538462 0.6213942307692308 0.27740384615384617 0.5526442307692309 0.1925480769230769 0.6799278846153846 0.2956730769230769 0.7486778846153845
0 0.04062500000000006 0.440625 0.020312500000000056 0.440625 0.020312500000000056 0.4625 0.04062500000000006 0.4625
0 0.3492647058823529 0.7748161764705883 0.3215533088235294 0.7286305147058824 0.28226102941176473 0.7522058823529412 0.30997242647058826 0.7983915441176471
0 0.02268750000000002 0.41506250000000006 0.021124999999999998 0.40412499999999996 0.0171875 0.4046875 0.018750000000000024 0.4156250000000001
0 0.1739423076923077 0.4381490384615385 0.14625000000000005 0.43468750000000006 0.14387019230769232 0.45372596153846156 0.1715625 0.4571875
0 0.23437500000000006 0.4906250000000002 0.20526916058394168 0.4800410583941607 0.19276916058394167 0.5144160583941607 0.22187500000000004 0.5250000000000001
0 0.26148897058823534 0.5990808823529413 0.2453125 0.534375 0.21920955882352938 0.5409007352941178 0.23538602941176473 0.6056066176470589
0 0.15293750000000003 0.66225 0.11374999999999998 0.61 0.09399999999999994 0.6248125 0.13318750000000001 0.6770625000000001
0 0.21656249999999994 0.1934375 0.20234375 0.15078125 0.17421874999999998 0.16015625 0.18843749999999998 0.2028125
0 0.402139423076923 0.7469471153846154 0.3756009615384615 0.6717548076923077 0.3448701923076922 0.6826009615384615 0.3714086538461538 0.7577932692307693
0 0.1296112804878049 0.16337652439024392 0.12439024390243905 0.11638719512195121 0.09489329268292682 0.11966463414634146 0.10011432926829267 0.16665396341463415
0 0.04858231707317073 0.5702591463414634 0.046754573170731714 0.5117713414634146 0.023388719512195122 0.512501524390244 0.025216463414634138 0.5709893292682927
0 0.01406250000000002 0.1375 1.6838893488276106e-17 0.1375 2.0091861548511266e-17 0.190625 0.014062500000000023 0.190625
0 0.34126932989690734 0.5344877577319588 0.3014014175257733 0.5167686855670104 0.283424613402062 0.5572164948453608 0.323292525773196 0.5749355670103095
0 0.17567879098360656 0.21684170081967213 0.17296362704918034 0.1869748975409836 0.16014344262295083 0.188140368852459 0.16285860655737705 0.21800717213114754
0 0.065625 0.1609375 0.053125 0.1234375 0.03859375 0.12828124999999999 0.05109375000000001 0.16578125
0 0.26875 0.16562500000000005 0.246875 0.16562500000000005 0.246875 0.19375000000000003 0.26875 0.19375000000000003
0 0.5058728448275862 0.6764008620689655 0.48809267241379306 0.6319504310344828 0.472198275862069 0.6383081896551726 0.4899784482758621 0.6827586206896552
0 0.2875269396551724 0.21204202586206894 0.2775862068965517 0.18884698275862072 0.2577855603448276 0.19733297413793105 0.2677262931034483 0.22052801724137933
0 0.10707720588235295 0.5111213235294118 0.0991727941176471 0.47950367647058834 0.07233455882352943 0.48621323529411775 0.0802389705882353 0.5178308823529412
0 0.2296875 0.5484375 0.21742788461538468 0.5300480769230769 0.2015625 0.540625 0.21382211538461532 0.5590144230769231
0 0.48132621951219495 0.7118140243902438 0.46486280487804876 0.691234756097561 0.43323170731707317 0.7165396341463415 0.44969512195121936 0.7371189024390243
0 0.29964057507987224 0.787110623003195 0.26783146964856236 0.7526507587859426 0.2515425319488818 0.7676867012779554 0.2833516373801917 0.8021465654952078