0 0.2515625000000001 0.4890625 0.19375000000000003 0.4890625 0.19375000000000003 0.5296875 0.2515625000000001 0.5296875
0 0.38603750000000003 0.3224250000000001 0.3820875 0.3007000000000001 0.35101249999999995 0.30635 0.35496249999999996 0.32807500000000006
0 0.3477258663366337 0.38836633663366343 0.30703898514851485 0.38429764851485154 0.3056621287128713 0.3980662128712872 0.34634900990099016 0.4021349009900991
0 0.31111680327868857 0.23084016393442625 0.29049692622950823 0.20609631147540983 0.27727971311475413 0.21711065573770494 0.29789959016393447 0.24185450819672133
0 0.4012668918918919 0.5142736486486487 0.3769425675675676 0.5102195945945946 0.37318412162162173 0.5327702702702705 0.39750844594594603 0.5368243243243245
0 0.31362500000000004 0.3015 0.29581250000000003 0.27775 0.2633125 0.30212500000000003 0.281125 0.325875
0 0.2610971715328468 0.49184534671532865 0.1918966697080292 0.45955177919708035 0.16555086678832118 0.5160070711678832 0.23475136861313875 0.5483006386861315
0 0.8532633196721309 0.5568340163934427 0.8251331967213111 0.5502151639344264 0.8218749999999998 0.5640625000000001 0.8500051229508194 0.5706813524590164
0 0.57703125 0.5939062500000002 0.5596875000000001 0.5881250000000001 0.5509375000000001 0.6143750000000001 0.5682812500000001 0.6201562500000001
0 0.68046875 0.20078125000000008 0.66953125 0.1898437500000001 0.64609375 0.2132812500000001 0.65703125 0.22421875000000008
0 0.2915063202247192 0.6509023876404495 0.24202949438202256 0.6461903089887641 0.23827949438202256 0.6855653089887641 0.2877563202247192 0.6902773876404495
0 0.4614783653846154 0.2535456730769231 0.40829326923076925 0.24290865384615387 0.405048076923077 0.25913461538461546 0.4582331730769232 0.26977163461538467
0 0.26705 0.17341250000000002 0.19170000000000004 0.1597125 0.187175 0.18460000000000004 0.262525 0.19830000000000003
0 0.7553485576923077 0.4626802884615385 0.7455889423076922 0.4501322115384615 0.7266586538461537 0.4648557692307692 0.7364182692307691 0.4774038461538462
0 0.3078125000000001 0.8109375 0.2843750000000001 0.8109375 0.2843750000000001 0.8671875 0.3078125000000001 0.8671875
0 0.628860294117647 0.3732536764705882 0.6253676470588234 0.3592830882352941 0.60625 0.3640625 0.6097426470588235 0.37803308823529413
0 0.834375 0.38906250000000014 0.82578125 0.38046875000000024 0.80390625 0.40234375000000017 0.8125 0.4109375000000002
0 0.23143382352941178 0.6960477941176471 0.22325367647058822 0.6633272058823529 0.1986213235294117 0.669485294117647 0.20680147058823528 0.7022058823529411
0 0.5171875000000001 0.925 0.44531250000000017 0.925 0.44531250000000017 0.9515625 0.5171875000000001 0.9515625
0 0.7349662162162164 0.832390202702703 0.7152027027027027 0.8290962837837841 0.7133023648648649 0.8404983108108111 0.7330658783783786 0.84379222972973
0 0.6394425675675677 0.8429054054054056 0.5837753378378379 0.825777027027027 0.5776266891891891 0.8457601351351351 0.6332939189189191 0.8628885135135137
0 0.7382904411764706 0.3727757352941177 0.7372426470588235 0.3591544117647059 0.7100000000000001 0.36125 0.7110477941176472 0.3748713235294118
0 0.6379708904109589 0.7267765410958905 0.6144263698630138 0.71607448630137 0.6089683219178084 0.728082191780822 0.6325128424657535 0.7387842465753426
0 0.3031250000000001 0.896875 0.2828125000000001 0.896875 0.2828125000000001 0.9203125 0.3031250000000001 0.9203125
0 0.5086538461538461 0.3629807692307693 0.46117788461538467 0.3534855769230769 0.4581730769230769 0.3685096153846154 0.5056490384615384 0.37800480769230776
0 0.36015625 0.26015625 0.31484375 0.21484375 0.303125 0.2265625 0.3484375 0.271875
0 0.6895312500000002 0.42484375000000013 0.6578125000000001 0.4203125000000001 0.6556875000000001 0.43518750000000017 0.6874062500000001 0.4397187500000002
0 0.5353040540540542 0.9913006756756758 0.5282432432432433 0.9683530405405405 0.49782939189189196 0.9777111486486486 0.5048902027027028 1.000658783783784
0 0.6950647865853659 0.6571455792682928 0.692358993902439 0.6327934451219512 0.6731516768292682 0.6349275914634146 0.6758574695121952 0.6592797256097561
0 0.8971153846153846 0.692548076923077 0.8805288461538463 0.6676682692307692 0.8661057692307693 0.6772836538461539 0.8826923076923079 0.7021634615384617
0 0.9734375 0.9046875 0.95625 0.9046875 0.95625 0.9328125 0.9734375 0.9328125
0 0.22852739726027393 0.2219477739726028 0.20142551369863013 0.19276113013698631 0.19057791095890408 0.20283390410958907 0.21767979452054792 0.2320205479452055
0 0.430621301775148 0.917446375739645 0.4137573964497041 0.9104197485207102 0.3990569526627219 0.9457008136094676 0.4159208579881658 0.9527274408284023
0 0.2752612704918033 0.460563524590164 0.2485399590163934 0.44887295081967216 0.24359118852459014 0.4601844262295082 0.2703125 0.471875
0 0.37100797477744807 0.7060552670623146 0.3482334940652819 0.6932446216617212 0.33125000000000004 0.7234375000000002 0.3540244807121662 0.7362481454005936
0 0.20793515358361772 0.2533863054607508 0.20399957337883956 0.21993387372013648 0.1780716723549488 0.2229842150170648 0.18200725255972697 0.25643664675767913
0 0.3847242647058824 0.7773529411764707 0.35813419117647055 0.7604319852941177 0.3296323529411765 0.8052205882352942 0.3562224264705883 0.8221415441176472
0 0.4047646190987124 0.08030109978540778 0.3693468347639485 0.07186829399141637 0.365625 0.08750000000000005 0.40104278433476387 0.09593280579399147
0 0.4539522058823529 0.5767463235294118 0.4446691176470588 0.5396139705882352 0.41783088235294114 0.5463235294117647 0.42711397058823525 0.5834558823529411
0 0.5508533653846153 0.164579326923077 0.5328725961538461 0.15967548076923083 0.5241826923076923 0.19153846153846157 0.5421634615384615 0.19644230769230775
0 0.4971875 0.9040625 0.4892187499999999 0.8801562499999998 0.4615625 0.8893749999999997 0.46953125 0.91328125
0 0.5080882352941176 0.7707720588235294 0.4897058823529412 0.7193014705882353 0.4458569004524887 0.7349618212669684 0.46423925339366506 0.7864324095022625
0 0.756751179245283 0.2681603773584905 0.7532724056603773 0.25598466981132073 0.7301591981132074 0.26258844339622645 0.7336379716981132 0.27476415094339623
0 0.37235576923076935 0.9116586538461539 0.3423076923076923 0.9056490384615385 0.3387019230769231 0.9236778846153847 0.3687500000000001 0.9296875
0 0.42666952054794527 0.29398544520547953 0.38916952054794524 0.2799229452054795 0.38184931506849323 0.29944349315068497 0.4193493150684932 0.313505993150685
0 0.39585129310344824 0.1622844827586207 0.38593749999999993 0.1375 0.36411637931034485 0.14622844827586207 0.37403017241379316 0.17101293103448276
0 0.7083639705882353 0.768106617647059 0.6870404411764707 0.7627757352941178 0.6822610294117648 0.7818933823529413 0.7035845588235294 0.7872242647058825
0 0.4336674528301888 0.8712264150943397 0.4027122641509435 0.8623820754716981 0.3929834905660378 0.8964327830188681 0.4239386792452831 0.9052771226415096
0 0.6664062500000001 0.46171875000000007 0.64375 0.4390625000000001 0.6265625 0.45625000000000016 0.64921875 0.4789062500000002
0 0.4673076923076923 0.12596153846153849 0.45336538461538467 0.10504807692307698 0.44218750000000007 0.11250000000000007 0.45612980769230776 0.13341346153846156
0 0.5658600663716815 0.9238384955752214 0.5520326327433629 0.9117394911504426 0.5328678097345134 0.9336421460176993 0.546695243362832 0.945741150442478
0 0.2757004310344827 0.6162176724137931 0.24014008620689653 0.6019935344827587 0.23367456896551722 0.6181573275862069 0.26923491379310344 0.6323814655172414
0 0.5611632947976879 0.8631864161849713 0.5572254335260116 0.837590317919075 0.5372651734104046 0.8406611271676299 0.5412030346820809 0.8662572254335261
0 0.5227512155591572 0.09720168152350098 0.4887814019448945 0.0685955226904377 0.47658529173419756 0.08307840356564031 0.5105551053484602 0.11168456239870359