3 0.734375 0.5312500000000001 0.678125 0.53125 0.678125 0.6156250000000001 0.734375 0.6156250000000002
3 0.7203125 0.45 0.65625 0.45 0.65625 0.521875 0.7203125 0.521875
3 0.7625 0.3890625000000001 0.7234375 0.3890625000000001 0.7234375 0.4515625000000001 0.7625 0.4515625000000002
3 0.6703125 0.584375 0.621875 0.584375 0.621875 0.6546875 0.6703125 0.6546875
0 0.9203125 0.2968750000000001 0.88125 0.2968750000000001 0.88125 0.34843750000000007 0.9203125 0.34843750000000007
0 0.890625 0.2156250000000001 0.85625 0.2156250000000001 0.85625 0.2812500000000001 0.890625 0.2812500000000001
0 0.7828125 0.1359375000000001 0.6859375 0.1359375000000001 0.6859375 0.3046875000000001 0.7828125 0.3046875000000001
0 0.603125 0.22812500000000008 0.5171875 0.22812500000000008 0.5171875 0.38750000000000007 0.603125 0.38750000000000007
2 0.5765625 0.403125 0.4234375 0.403125 0.4234375 0.725 0.5765625 0.725
2 0.6546875 0.3890625000000001 0.5015625 0.3890625000000001 0.5015625 0.465625 0.6546875 0.465625
2 0.5421875 0.2828125000000001 0.465625 0.2828125000000001 0.465625 0.425 0.5421875 0.425
2 0.6375 0.2578125000000001 0.5953125 0.2578125000000001 0.5953125 0.3281250000000001 0.6375 0.3281250000000001
0 0.30781250000000004 0.259375 0.21875 0.259375 0.21875000000000006 0.3828125 0.3078125000000001 0.3828125
3 0.24218750000000008 0.396875 0.19218750000000004 0.396875 0.19218750000000004 0.5125 0.24218750000000008 0.5125