2 0.4171875 0.275 0.3109375 0.275 0.3109375 0.3609375 0.4171875 0.3609375000000001
2 0.2734375 0.25625 0.19062500000000004 0.25625 0.19062500000000004 0.303125 0.2734375 0.303125
2 0.4234375 0.37031250000000004 0.33281250000000007 0.3703125 0.33281250000000007 0.39687500000000003 0.4234375 0.3968750000000001
2 0.5203125 0.10468750000000004 0.4765625 0.10468750000000004 0.4765625 0.13906250000000003 0.5203125 0.13906250000000003
2 0.3203125 0.11093750000000005 0.2453125 0.11093750000000005 0.2453125 0.19531250000000006 0.3203125 0.19531250000000006
2 0.6609375000000002 0.7953125 0.32500000000000007 0.7953125 0.32500000000000007 0.890625 0.6609375000000002 0.890625
3 0.65625 0.10468750000000009 0.578125 0.10468750000000009 0.578125 0.12656250000000008 0.65625 0.12656250000000008
3 0.3671875000000001 0.503125 0.3000000000000001 0.503125 0.3000000000000001 0.525 0.3671875000000001 0.525
3 0.22031250000000005 0.328125 0.17500000000000004 0.328125 0.17500000000000004 0.3765625 0.22031250000000008 0.3765625
3 0.2656250000000001 0.653125 0.21875000000000008 0.653125 0.21875000000000008 0.678125 0.2656250000000001 0.678125
3 0.5546875 0.4390625 0.5265625 0.4390625 0.5265625 0.4640625 0.5546875 0.4640625
0 0.3687500000000001 0.4109375 0.32500000000000007 0.4109375 0.32500000000000007 0.4484375 0.3687500000000001 0.4484375
0 0.28593750000000007 0.403125 0.2593750000000001 0.403125 0.2593750000000001 0.415625 0.28593750000000007 0.415625
3 0.4875 0.5859375 0.440625 0.5859375 0.440625 0.6 0.4875 0.6