0 0.4890625 0.4625 0.421875 0.4625 0.421875 0.53125 0.4890625 0.53125
0 0.6078125 0.2171875000000001 0.54375 0.2171875000000001 0.54375 0.2609375000000001 0.6078125 0.2609375000000001
0 0.75 0.1781250000000001 0.6953125 0.1781250000000001 0.6953125 0.21093750000000008 0.75 0.21093750000000008
0 0.7078125 0.004687500000000085 0.6765625 0.004687500000000083 0.6765625 0.04375000000000008 0.7078125 0.04375000000000009
0 0.7203125 0.11250000000000009 0.6640625 0.11250000000000009 0.6640625 0.14218750000000008 0.7203125 0.14218750000000008
0 0.3625000000000001 0.7546875 0.29375000000000007 0.7546875 0.29375000000000007 0.8078125 0.3625000000000001 0.8078125
0 0.2312500000000001 0.846875 0.1906250000000001 0.846875 0.1906250000000001 0.8890625 0.2312500000000001 0.8890625
0 0.3750000000000001 0.85625 0.32500000000000007 0.85625 0.32500000000000007 0.8875 0.3750000000000001 0.8875
0 0.5265625 0.6671875 0.4796875 0.6671875 0.4796875 0.7125 0.5265625 0.7125
0 0.47187500000000016 0.8078125 0.4359375000000002 0.8078125 0.4359375000000002 0.840625 0.47187500000000016 0.840625
0 0.4109375 0.5328125 0.3156250000000001 0.5328125 0.3156250000000001 0.596875 0.4109375 0.596875
0 0.584375 0.5875 0.546875 0.5875 0.546875 0.61875 0.584375 0.61875
0 0.60625 0.29375000000000007 0.55625 0.29375000000000007 0.55625 0.3281250000000001 0.60625 0.3281250000000001
0 0.65 0.3984375000000001 0.6 0.3984375000000001 0.6 0.44375 0.65 0.44375