0 0.6223557692307692 0.752403846153846 0.618329326923077 0.7322716346153846 0.5864783653846153 0.7386418269230769 0.5905048076923076 0.7587740384615385
0 0.22494087837837845 0.7697297297297299 0.21831925675675676 0.7482094594594594 0.18296452702702698 0.7590878378378377 0.18958614864864867 0.7806081081081082
0 0.7399915540540541 0.8352618243243244 0.7352618243243244 0.8068834459459462 0.6858530405405405 0.8151182432432433 0.6905827702702703 0.8434966216216215
0 0.5681192660550458 0.5942517201834863 0.5619696100917431 0.573752866972477 0.52254873853211 0.5855791284403669 0.5286983944954129 0.6060779816513762
0 0.21667749083129592 0.6510563111246944 0.19540800733496336 0.6222799511002446 0.14857503056234722 0.6568956295843522 0.16984451405867979 0.685671989608802
0 0.3163254310344828 0.6849676724137932 0.3064655172413794 0.6619612068965517 0.24649784482758622 0.6876616379310344 0.25635775862068966 0.7106681034482759
0 0.35812499999999997 0.865 0.35234375 0.84765625 0.321875 0.8578125 0.32765625 0.8751562500000001
0 0.45939928756476683 0.6113422927461142 0.4131921955958549 0.4357553432642488 0.19891920336787564 0.49214297279792757 0.24512629533678756 0.6677299222797929
0 0.3937454379562044 0.9623312043795622 0.38486085766423367 0.9539142335766424 0.3514803832116789 0.9891491788321168 0.36036496350364966 0.9975661496350365
0 0.21514423076923078 0.8680288461538461 0.2024038461538463 0.8489182692307693 0.17139423076923088 0.8695913461538464 0.18413461538461537 0.8887019230769232
0 0.1477896341463414 0.7394817073170732 0.13559451219512186 0.7297256097560976 0.11745426829268286 0.7524009146341463 0.12964939024390237 0.7621570121951219
0 0.2218750000000001 0.684375 0.1984375000000001 0.684375 0.1984375000000001 0.6984375 0.2218750000000001 0.6984375
0 0.908259698275862 0.6841648706896551 0.9017133620689656 0.5728771551724138 0.8332920258620689 0.5769019396551724 0.8398383620689653 0.6881896551724138
0 0.41875 0.4984375 0.3890625000000001 0.4984375 0.3890625000000001 0.51875 0.41875 0.51875
0 0.17968749999999994 0.9078125 0.16937500000000005 0.8871875000000001 0.14437500000000006 0.8996875000000001 0.15468749999999995 0.9203125
0 0.6156250000000002 0.9203125 0.5890625000000002 0.9203125 0.5890625000000002 0.940625 0.6156250000000002 0.940625
0 0.5518120840266223 0.5374480033277872 0.5403858153078203 0.48260191347753756 0.49758215474209644 0.49151934276206327 0.5090084234608985 0.546365432612313
0 0.3277034198113208 0.6949911556603774 0.32474351415094344 0.6269133254716981 0.26968455188679247 0.6293071933962264 0.2726444575471698 0.6973850235849057
0 0.6976485148514853 0.5047648514851486 0.670730198019802 0.5020730198019804 0.6694771039603962 0.5146039603960398 0.6963954207920794 0.5172957920792081
0 0.521875 0.6734375 0.50625 0.6734375 0.50625 0.7234375 0.521875 0.7234375
0 0.3596754807692307 0.4546274038461539 0.35655048076923074 0.4390024038461539 0.32349759615384616 0.44561298076923084 0.32662259615384615 0.46123798076923084
0 0.7558689024390245 0.45811737804878067 0.7306592987804879 0.4553163109756099 0.7286775914634147 0.4731516768292684 0.7538871951219512 0.47595274390243913
0 0.6015625 0.4531250000000001 0.5809375 0.44281250000000005 0.5725 0.4596875000000001 0.593125 0.47000000000000003
0 0.5960937500000001 0.77265625 0.5726562500000001 0.74921875 0.5421875 0.7796875000000002 0.565625 0.8031250000000002
0 0.2077403846153846 0.8158894230769231 0.19120192307692307 0.7869471153846155 0.12944711538461542 0.822235576923077 0.14598557692307695 0.8511778846153846
0 0.31574519230769227 0.8302884615384617 0.2861778846153846 0.8105769230769232 0.2460336538461539 0.8707932692307692 0.27560096153846153 0.8905048076923077
0 0.864889705882353 0.4388786764705884 0.7549632352941178 0.4113970588235295 0.7400735294117647 0.4709558823529412 0.8500000000000002 0.4984375000000001
1 0.5296875000000001 0.6546875 0.31718750000000007 0.6546875 0.31718750000000007 0.9015625 0.5296875000000002 0.9015625