0 0.3643125000000001 0.4982500000000001 0.35962500000000003 0.492 0.353125 0.496875 0.35781250000000003 0.503125
0 0.53828125 0.43828125000000007 0.5328125 0.4328125 0.52890625 0.43671875 0.534375 0.44218750000000007
0 0.3906250000000001 0.5140625 0.3862132352941178 0.5129595588235294 0.3841911764705883 0.5210477941176471 0.38860294117647065 0.5221507352941177
0 0.4015625 0.4640625 0.3921875000000001 0.4640625 0.3921875000000001 0.4734375 0.4015625 0.4734375
0 0.47427884615384625 0.4370192307692308 0.47229567307692316 0.42710336538461535 0.46688701923076936 0.42818509615384615 0.46887019230769234 0.43810096153846156
0 0.24375 0.5140625 0.23990384615384616 0.5082932692307692 0.23521634615384618 0.5114182692307693 0.2390625 0.5171875
0 0.2990625000000001 0.5096875000000001 0.29306250000000006 0.5016875000000001 0.2865625 0.5065625 0.29256250000000006 0.5145625
0 0.43156249999999996 0.58375 0.4246875 0.5803125000000001 0.421875 0.5859375 0.42874999999999996 0.5893750000000001
0 0.45984374999999994 0.48453125 0.45328125 0.48234375000000007 0.45125000000000004 0.4884375 0.4578125 0.490625
0 0.43484375000000003 0.5204687500000001 0.42874999999999996 0.5184375000000001 0.42609375 0.5264062500000001 0.43218750000000006 0.5284375000000001
0 0.50390625 0.44453125 0.49781250000000005 0.44250000000000006 0.49546875 0.44953125000000005 0.5015625 0.4515625000000001
0 0.311029411764706 0.46994485294117655 0.3047794117647059 0.4683823529411765 0.303125 0.4750000000000001 0.30937500000000007 0.4765625000000001
0 0.4703125 0.528125 0.4640625 0.528125 0.4640625 0.5359375 0.4703125 0.5359375
0 0.5375 0.55625 0.5328125 0.55625 0.5328125 0.5625 0.5375 0.5625
0 0.5296875 0.4578125 0.5203125 0.4578125 0.5203125 0.4703125 0.5296875 0.4703125
0 0.7125 0.4875 0.7015625 0.4875 0.7015625 0.5046875 0.7125 0.5046875
0 0.446875 0.484375 0.440625 0.484375 0.440625 0.4921875 0.446875 0.4921875
0 0.25404411764705886 0.4963235294117648 0.2488970588235294 0.4950367647058824 0.24632352941176466 0.5053308823529413 0.25147058823529417 0.5066176470588236
0 0.40031249999999996 0.49281250000000004 0.3978125 0.4878125 0.39281249999999995 0.49031249999999993 0.3953125 0.4953125
0 0.30576923076923074 0.5350961538461538 0.3 0.53125 0.29519230769230764 0.5384615384615385 0.3009615384615384 0.5423076923076924
1 0.18437500000000007 0.465625 0.10781250000000005 0.465625 0.10781250000000006 0.5578125 0.1843750000000001 0.5578125