0 0.525 0.6203125 0.4484375 0.6203125 0.4484375 0.684375 0.525 0.684375
0 0.2750000000000001 0.896875 0.2453125000000001 0.896875 0.2453125000000001 0.9234375 0.2750000000000001 0.9234375
0 0.5117571721311476 0.840983606557377 0.46475409836065584 0.7845799180327869 0.41634221311475417 0.8249231557377049 0.46334528688524584 0.881326844262295
0 0.2406250000000001 0.60625 0.20312500000000008 0.60625 0.20312500000000008 0.6265625 0.2406250000000001 0.6265625
0 0.532925 0.3845375000000001 0.49855 0.37828750000000005 0.48884999999999995 0.43163750000000006 0.5232249999999999 0.4378875000000001
0 0.7772790948275863 0.6906303879310347 0.7272683189655174 0.648313577586207 0.7054579741379311 0.6740894396551725 0.7554687500000001 0.7164062500000001
0 0.3546875000000001 0.915625 0.3375000000000001 0.915625 0.3375000000000001 0.93125 0.3546875000000001 0.93125
0 0.21250000000000008 0.7171875 0.18750000000000008 0.7171875 0.18750000000000008 0.740625 0.21250000000000008 0.740625
0 0.33384984439834026 0.6992025414937759 0.3249546161825726 0.6658454356846473 0.2768153526970954 0.6786825726141078 0.28571058091286305 0.7120396784232365
0 0.82521875 0.6765312499999999 0.8227500000000001 0.6592499999999999 0.7969374999999999 0.6629375 0.7994062499999999 0.68021875
0 0.42285278066528065 0.7455756237006237 0.40449259355509354 0.704775207900208 0.3154203482328482 0.7448577182952183 0.3337805353430353 0.7856581340956341
0 0.5099510941644562 0.9184515915119364 0.4681904840848806 0.8577088859416447 0.43755387931034473 0.8787715517241381 0.47931448938992033 0.9395142572944298
0 0.6234375000000002 0.80625 0.5843750000000002 0.80625 0.5843750000000002 0.8375 0.6234375000000002 0.8375
0 0.3980064655172414 0.49735991379310346 0.38949353448275864 0.47607758620689655 0.3105603448275862 0.5076508620689655 0.319073275862069 0.5289331896551724
0 0.546875 0.465625 0.4828125 0.465625 0.4828125 0.4921875 0.546875 0.4921875
0 0.2656250000000001 0.6625 0.23437500000000008 0.6625 0.23437500000000008 0.68125 0.2656250000000001 0.68125
0 0.4544651995905834 0.6064802968270215 0.4176337001023541 0.5780674257932447 0.3592534544524053 0.6537455220061413 0.3960849539406346 0.6821583930399182
0 0.353125 0.2875 0.30625 0.2875 0.30625 0.3078125 0.353125 0.3078125
0 0.8538125000000001 0.5092500000000001 0.7776394230769232 0.48236538461538475 0.7579951923076924 0.5380240384615387 0.8341682692307693 0.564908653846154
0 0.7186250000000001 0.6491250000000003 0.6851250000000001 0.6240000000000003 0.6727500000000001 0.6405000000000003 0.70625 0.6656250000000002
0 0.5125 0.2390625000000001 0.4546875 0.2390625000000001 0.4546875 0.2687500000000001 0.5125 0.2687500000000001
0 0.38046875000000013 0.79921875 0.3507211538461539 0.7932692307692308 0.3458533653846154 0.8176081730769231 0.3756009615384617 0.8235576923076924
0 0.3194711538461539 0.6067307692307693 0.31478365384615387 0.5832932692307693 0.26610576923076923 0.5930288461538462 0.27079326923076924 0.6164663461538462
0 0.1867187500000001 0.8117187500000002 0.16875 0.79375 0.13828125000000005 0.82421875 0.15625000000000014 0.8421875000000002
0 0.19163602941176472 0.9756433823529411 0.1888327205882353 0.9392003676470587 0.16338235294117648 0.941158088235294 0.1661856617647059 0.9776011029411764
0 0.8640625 0.2640625000000001 0.8421875 0.2640625000000001 0.8421875 0.2765625000000001 0.8640625 0.2765625000000001
0 0.7989267172523962 0.5596445686900959 0.7377745607028754 0.5571984824281151 0.7370332468051118 0.5757313298722045 0.7981854033546326 0.5781774161341854
0 0.696875 0.3812500000000001 0.6640625 0.3812500000000001 0.6640625 0.4078125 0.696875 0.4078125
0 0.8765625 0.6218750000000002 0.8484375 0.6218750000000002 0.8484375 0.6515625000000002 0.8765625 0.6515625000000002
0 0.7568216463414636 0.7792301829268296 0.7376143292682927 0.7770960365853661 0.7351753048780488 0.7990472560975611 0.7543826219512197 0.8011814024390246
0 0.6047704646017699 0.7706305309734514 0.5667311946902654 0.7271570796460177 0.5451603982300884 0.7460315265486727 0.5831996681415929 0.7895049778761062
0 0.54140625 0.6539062500000001 0.4953125 0.6078125000000002 0.43671875 0.6664062500000002 0.4828125 0.7125000000000001
0 0.654541353926097 0.35196485277136264 0.6468100461893764 0.30712326789838335 0.5703125 0.32031249999999994 0.5780438077367206 0.36515408487297923
0 0.6441271551724139 0.8685883620689656 0.6007543103448276 0.8512392241379312 0.5925646551724137 0.8717133620689657 0.6359375 0.8890625000000002
0 0.5997596153846154 0.21754807692307696 0.5954927884615385 0.19621394230769235 0.5287860576923077 0.2095552884615385 0.5330528846153846 0.23088942307692312
0 0.5911938902743141 0.2910653054862843 0.5902119700748129 0.2714269014962593 0.5263092269326682 0.27462203865336654 0.5272911471321695 0.2942604426433915
0 0.7242834051724139 0.4574946120689657 0.6835237068965517 0.45509698275862087 0.6824784482758621 0.472866379310345 0.7232381465517241 0.4752640086206898
0 0.5871633287292818 0.9264157458563537 0.550215814917127 0.8931629834254144 0.5305593922651933 0.915003453038674 0.5675069060773481 0.9482562154696133
0 0.73125 0.30156250000000007 0.68125 0.30156250000000007 0.68125 0.3203125000000001 0.73125 0.3203125000000001
0 0.3497542655786351 0.6379311943620178 0.3331463278931751 0.608405971810089 0.28218193620178045 0.6370734421364986 0.29878987388724043 0.6665986646884274
0 0.3453125000000001 0.865625 0.2828125000000001 0.865625 0.2828125000000001 0.8921875 0.3453125000000001 0.8921875
0 0.8953125 0.6593750000000002 0.8734375 0.6593750000000002 0.8734375 0.6859375000000002 0.8953125 0.6859375000000002
0 0.7749278846153846 0.6369230769230769 0.7703125 0.6 0.7351201923076923 0.6043990384615385 0.7397355769230769 0.6413221153846154
0 0.7359375000000001 0.7609375 0.7062500000000002 0.7609375 0.7062500000000002 0.7859375000000001 0.7359375000000001 0.7859375000000002
0 0.388620283018868 0.8429540094339624 0.3704599056603774 0.8377653301886794 0.36025943396226423 0.8734669811320754 0.37841981132075475 0.8786556603773585
0 0.4765625 0.06875000000000006 0.434375 0.06875000000000005 0.434375 0.08593750000000006 0.4765625 0.08593750000000007
3 0.453125 0.41875 0.3890625000000001 0.41875 0.3890625000000001 0.4578125 0.453125 0.4578125
3 0.43125 0.35468750000000004 0.34375 0.3546875 0.34375000000000006 0.39375000000000004 0.43125 0.3937500000000001
3 0.4890625 0.3437500000000001 0.428125 0.3437500000000001 0.428125 0.40625 0.4890625 0.40625