2 0.4703125000000001 0.6296875 0.3375000000000001 0.6296875 0.3375000000000001 0.753125 0.4703125000000002 0.753125
2 0.3359375000000001 0.7390625 0.2406250000000001 0.7390625 0.2406250000000001 0.815625 0.3359375000000001 0.815625
2 0.446875 0.5953125 0.3500000000000001 0.5953125 0.3500000000000001 0.6546875 0.446875 0.6546875
2 0.6171875000000002 0.796875 0.5625000000000002 0.796875 0.5625000000000002 0.846875 0.6171875000000002 0.846875
2 0.42500000000000016 0.8203125 0.3218750000000001 0.8203125 0.3218750000000001 0.9296875 0.42500000000000016 0.9296875
2 0.5546875 0.04531250000000005 0.196875 0.04531250000000002 0.19687500000000002 0.26562500000000006 0.5546875 0.2656250000000001
3 0.7468750000000002 0.7562500000000001 0.6640625000000002 0.75625 0.6640625000000002 0.8078125 0.7468750000000002 0.8078125
3 0.3531250000000001 0.4984375 0.2812500000000001 0.4984375 0.2812500000000001 0.5453125 0.3531250000000001 0.5453125
3 0.2656250000000001 0.690625 0.20468750000000008 0.690625 0.20468750000000008 0.7546875 0.2656250000000001 0.7546875
3 0.21250000000000008 0.39375 0.15937500000000004 0.39375 0.15937500000000004 0.4359375 0.21250000000000008 0.4359375
3 0.553125 0.4828125 0.515625 0.4828125 0.515625 0.5171875 0.553125 0.5171875
0 0.3812500000000001 0.5671875 0.3265625000000001 0.5671875 0.3265625000000001 0.6203125 0.3812500000000001 0.6203125
0 0.3062500000000001 0.6296875 0.2750000000000001 0.6296875 0.2750000000000001 0.6515625 0.3062500000000001 0.6515625
3 0.4453125 0.3828125000000001 0.39531250000000007 0.3828125000000001 0.39531250000000007 0.4140625 0.4453125 0.4140625