0 0.662860576923077 0.7018028846153849 0.6495192307692308 0.692908653846154 0.6379807692307692 0.7102163461538463 0.6513221153846154 0.7191105769230772
0 0.20597426470588243 0.5667279411764705 0.1769301470588236 0.5594669117647059 0.16516544117647064 0.6065257352941177 0.19420955882352947 0.6137867647058823
0 0.04767392533936656 0.42026300904977376 0.03074802036199098 0.41421804298642534 0.020743778280543013 0.44222992081447965 0.0376696832579186 0.448274886877828
0 0.6578125 0.10937500000000008 0.6375 0.10937500000000008 0.6375 0.13281250000000008 0.6578125 0.13281250000000008
0 0.6828125 0.21250000000000008 0.659375 0.21250000000000008 0.659375 0.2406250000000001 0.6828125 0.2406250000000001
0 0.22053124999999998 0.34215625000000005 0.21562499999999996 0.3078125 0.18937499999999996 0.3115625 0.19428124999999996 0.34590625
0 0.4890625 0.2156250000000001 0.4609375 0.2156250000000001 0.4609375 0.2609375000000001 0.4890625 0.2609375000000001
0 0.4195312500000001 0.4445312500000001 0.4039062500000001 0.4289062500000001 0.37968750000000007 0.45312500000000017 0.39531250000000007 0.46875000000000017
0 0.6857812500000001 0.7973437500000002 0.6698437500000001 0.7920312500000002 0.661875 0.8159375000000002 0.6778125000000002 0.8212500000000003
0 0.5851045719844358 0.2569856517509727 0.5830435311284046 0.22400899805447474 0.559016293774319 0.2255107003891051 0.5610773346303501 0.2584873540856031
0 0.2342597336065574 0.9159195696721312 0.23077612704918032 0.8775998975409838 0.2093621926229508 0.8795466188524591 0.21284579918032787 0.9178662909836065
0 0.4445312500000001 0.55390625 0.4328125000000001 0.5421875 0.41875 0.5562500000000001 0.43046875 0.5679687500000001
0 0.9412499999999998 0.7081250000000001 0.9243750000000002 0.6996875000000002 0.9081250000000001 0.7321875000000001 0.925 0.7406250000000001
0 0.8625 0.2671875000000001 0.8515625 0.2671875000000001 0.8515625 0.2843750000000001 0.8625 0.2843750000000001
0 0.4734375 0.5546875 0.4609375 0.5546875 0.4609375 0.578125 0.4734375 0.578125
0 0.3181250000000001 0.7278125000000001 0.29999999999999993 0.71875 0.28437499999999993 0.75 0.3025000000000001 0.7590625000000001
0 0.22676886792452833 0.743808962264151 0.2088148584905661 0.738679245283019 0.1990271226415095 0.772936320754717 0.2169811320754717 0.778066037735849
0 0.27272586633663376 0.8649288366336634 0.2512221534653466 0.8627784653465346 0.24775680693069316 0.8974319306930694 0.2692605198019803 0.8995823019801982
0 0.38406250000000003 0.631875 0.3671875000000001 0.6234375 0.3546875000000001 0.6484375 0.3715625 0.656875
0 0.2865086206896551 0.2246659482758621 0.2578879310344827 0.19246767241379312 0.23179956896551718 0.2156573275862069 0.26042025862068957 0.24785560344827587
0 0.3156250000000001 0.9421875 0.30156250000000007 0.9421875 0.30156250000000007 0.959375 0.3156250000000001 0.959375
0 0.3968455188679246 0.5508844339622643 0.386939858490566 0.5480542452830189 0.3819280660377358 0.5655955188679245 0.3918337264150944 0.5684257075471699
0 0.24468750000000009 0.28875000000000006 0.22781250000000003 0.2803125000000001 0.21375000000000002 0.30843750000000003 0.23062500000000002 0.31687500000000013
0 0.3893316605839416 0.24402144160583944 0.35517107664233577 0.24007983576642342 0.34695939781021895 0.3112477189781023 0.3811199817518248 0.3151893248175183
0 0.5328125 0.678125 0.5046875 0.678125 0.5046875 0.7234375 0.5328125 0.7234375
0 0.6625 0.3687500000000001 0.6375 0.3687500000000001 0.6375 0.40625 0.6625 0.40625
0 0.9603750000000003 0.38987500000000025 0.9258125000000001 0.3849375000000002 0.921375 0.4160000000000002 0.9559375000000003 0.42093750000000024
0 0.6579375000000001 0.6711875000000005 0.6286875 0.6492500000000003 0.6133124999999999 0.6697500000000003 0.6425625000000001 0.6916875000000003
0 0.7904725609756098 0.44394054878048783 0.7719893292682926 0.429153963414634 0.7500381097560974 0.4565929878048779 0.7685213414634147 0.4713795731707317
0 0.6328125 0.16562500000000008 0.6125 0.16562500000000008 0.6125 0.18906250000000008 0.6328125 0.18906250000000008
0 0.928125 0.5312500000000001 0.909375 0.5250000000000001 0.8995312500000001 0.5545312500000001 0.91828125 0.5607812500000001
0 0.5681506849315069 0.18024400684931513 0.5402397260273972 0.16977739726027402 0.5282320205479452 0.2017979452054795 0.5561429794520547 0.2122645547945206
0 0.29582301980198017 0.356667698019802 0.2931930693069306 0.3303681930693069 0.26875 0.3328125 0.27137995049504954 0.3591120049504951
0 0.3164811643835617 0.43157106164383574 0.2949058219178083 0.42348030821917815 0.2830265410958904 0.45515839041095896 0.30460188356164386 0.46324914383561655
0 0.494485294117647 0.8623161764705882 0.4765625 0.8515625 0.45767463235294115 0.8830422794117648 0.4755974264705882 0.8937959558823529
0 0.17635135135135135 0.9346706081081081 0.17162162162162162 0.9062922297297298 0.13108108108108107 0.9130489864864865 0.1358108108108108 0.9414273648648648
0 0.7533043032786886 0.5683401639344263 0.7215420081967213 0.5302254098360655 0.6400870901639345 0.5981045081967212 0.6718493852459018 0.636219262295082
0 0.9920586340206187 0.2940399484536084 0.9750966494845359 0.2865012886597939 0.9634342783505154 0.3127416237113403 0.9803962628865982 0.3202802835051548
0 0.45357803254437884 0.7464127218934911 0.429946375739645 0.736566198224852 0.4171875 0.7671875 0.44081915680473377 0.777034023668639
0 0.6515625 0.45625 0.6265625 0.45625 0.6265625 0.4859375 0.6515625 0.4859375
0 0.6203125 0.7390625000000001 0.6071875 0.7128125 0.5734375 0.7296875 0.5865625000000001 0.7559375000000002
0 0.7146875 0.37531250000000016 0.6946874999999999 0.3653125000000001 0.6790624999999999 0.3965625000000001 0.6990625 0.40656250000000016
0 0.8247936320754718 0.40306603773584915 0.8020931603773584 0.3965801886792454 0.7917747641509434 0.43269457547169826 0.8144752358490568 0.439180424528302
0 0.8125 0.6359375000000002 0.7859375 0.6359375000000002 0.7859375 0.6687500000000002 0.8125 0.6687500000000002
0 0.2420594262295083 0.7592213114754099 0.2199410860655739 0.7572105532786886 0.21653432377049192 0.7946849385245902 0.23865266393442633 0.7966956967213116
0 0.09699519230769237 0.5771634615384615 0.07334134615384623 0.5742067307692308 0.06867788461538468 0.611514423076923 0.09233173076923082 0.6144711538461538
0 0.9801852876106194 0.3465293141592921 0.9654728982300883 0.3336559734513275 0.942146017699115 0.3603152654867257 0.956858407079646 0.3731886061946903
0 0.5688679245283017 0.5785377358490565 0.5617334905660376 0.5535672169811321 0.546255896226415 0.5579893867924529 0.5533903301886791 0.5829599056603774
0 0.89375 0.2953125000000001 0.8640625 0.2953125000000001 0.8640625 0.3281250000000001 0.89375 0.3281250000000001
0 0.7533074238578681 0.3974460659898478 0.7235485406091371 0.3953204314720813 0.7201142131979695 0.4434010152284265 0.7498730964467005 0.44552664974619305
0 0.2531250000000001 0.6296875 0.23593750000000008 0.6296875 0.23593750000000008 0.65625 0.2531250000000001 0.65625
0 0.6703125 0.2984375000000001 0.64375 0.2984375000000001 0.64375 0.3343750000000001 0.6703125 0.3343750000000001
0 0.9157866379310343 0.4472521551724138 0.8961206896551722 0.43938577586206906 0.8865301724137928 0.46336206896551735 0.9061961206896549 0.4712284482758622
0 0.5817307692307694 0.6647836538461539 0.5504807692307694 0.617908653846154 0.5090144230769231 0.6455528846153847 0.5402644230769231 0.6924278846153846
0 0.9127403846153846 0.264423076923077 0.896875 0.2406250000000001 0.8730769230769232 0.25649038461538465 0.8889423076923079 0.2802884615384616
0 0.878125 0.6765625000000002 0.859375 0.6765625000000002 0.859375 0.7062500000000002 0.878125 0.7062500000000002
0 0.971875 0.5609375000000002 0.9515625 0.5609375000000002 0.9515625 0.5937500000000002 0.971875 0.5937500000000002
0 0.40406250000000005 0.3168750000000001 0.3853125 0.30750000000000005 0.375 0.32812500000000006 0.39375 0.3375
0 0.4339527027027028 0.8353462837837838 0.4065878378378381 0.8307854729729731 0.3981418918918921 0.881461148648649 0.42550675675675687 0.8860219594594596
0 0.7875 0.3828125000000001 0.7625 0.3828125000000001 0.7625 0.4109375000000002 0.7875 0.4109375000000002
0 0.6784375 0.5209375000000002 0.6559375000000001 0.5134375 0.63890625 0.5645312500000002 0.6614062500000001 0.5720312500000001
0 0.1781250000000001 0.7515625 0.1546875000000001 0.7515625 0.1546875000000001 0.8015625 0.1781250000000001 0.8015625
0 0.18906250000000005 0.2140625 0.14375000000000004 0.2140625 0.14375000000000004 0.2421875 0.18906250000000005 0.2421875
0 0.9687500000000002 0.4421875000000002 0.95 0.4359375000000002 0.94203125 0.4598437500000001 0.9607812500000001 0.4660937500000002
0 0.5650551470588234 0.3941544117647059 0.5398345588235294 0.37253676470588226 0.5202022058823529 0.3954411764705882 0.5454227941176469 0.4170588235294117
0 0.20421362704918042 0.36615010245901647 0.181954405737705 0.36412653688524593 0.17904713114754103 0.39610655737704925 0.20130635245901649 0.39813012295081973
0 0.44375 0.2562500000000001 0.396875 0.2562500000000001 0.396875 0.2984375000000001 0.44375 0.2984375000000001
0 0.4048938679245283 0.7436910377358491 0.38751474056603774 0.7340359669811322 0.37159492924528303 0.7626916273584907 0.38897405660377354 0.7723466981132077
0 0.525 0.5687500000000001 0.5022836538461537 0.5536057692307693 0.4878605769230768 0.5752403846153846 0.510576923076923 0.5903846153846154
1 0.032812500000000085 0.5296875 6.486801014233636e-17 0.5296875 8.103717491232877e-17 0.79375 0.0328125000000001 0.79375