0 0.928125 0.7140625000000002 0.8109375 0.7140625000000002 0.8109375 0.8515625 0.928125 0.8515625
0 0.8018278301886793 0.4904775943396228 0.7271226415094341 0.46913325471698125 0.7134433962264153 0.5170106132075473 0.7881485849056604 0.5383549528301887
0 0.5093749999999999 0.2875 0.45637019230769227 0.2521634615384616 0.44387019230769226 0.2709134615384615 0.4968749999999999 0.30625
0 0.45853846153846156 0.32580769230769235 0.3832644230769231 0.2992403846153847 0.3697067307692308 0.3376538461538462 0.4449807692307693 0.3642211538461539
0 0.8578125 0.40156250000000016 0.778125 0.40156250000000016 0.778125 0.4421875000000002 0.8578125 0.4421875000000002
0 0.9018028846153847 0.5300480769230769 0.8856971153846154 0.505889423076923 0.8734375 0.5140624999999999 0.8895432692307692 0.5382211538461538
0 0.885175304878049 0.750952743902439 0.8543064024390246 0.7262576219512196 0.831440548780488 0.7548399390243903 0.8623094512195124 0.7795350609756098
0 0.8925055309734512 0.7907079646017701 0.8685011061946903 0.7697040929203542 0.8215569690265487 0.8233545353982302 0.8455613938053096 0.8443584070796462
0 0.5225000000000001 0.36375 0.5006250000000001 0.32 0.48125 0.3296875 0.503125 0.3734375
0 0.5937077702702703 0.3408783783783784 0.5585515202702703 0.29165962837837833 0.5424408783783784 0.30316722972972976 0.5775971283783784 0.35238597972972985
0 0.8864062500000001 0.85640625 0.8620312499999999 0.84828125 0.8456249999999998 0.8975 0.8700000000000001 0.905625
0 0.9908616441908713 0.45907352178423233 0.9765625 0.434375 0.9407773599585063 0.4550927126556016 0.9550765041493776 0.47979123443983396
0 0.3078125 0.12500000000000006 0.2609375 0.07812500000000003 0.2359375 0.10312500000000005 0.2828125 0.15000000000000005
1 0.4281250000000001 0.6359375 0.3031250000000001 0.6359375 0.3031250000000001 0.80625 0.4281250000000002 0.80625
1 0.3296875 0.2609375 0.17343750000000005 0.2609375 0.17343750000000005 0.4296875 0.3296875000000001 0.4296875