0 0.66328125 0.36171875 0.63984375 0.3382812500000001 0.61953125 0.35859375000000016 0.6429687499999999 0.3820312500000001
0 0.374375 0.45343750000000005 0.3559375 0.41656250000000006 0.3178125 0.4356250000000001 0.33625000000000005 0.47250000000000014
0 0.49200367647058824 0.35854779411764703 0.48953125000000003 0.32640624999999995 0.4407812500000001 0.33015625 0.44325367647058833 0.36229779411764707
0 0.5533185206422019 0.7423236811926606 0.5337012614678899 0.7058916284403669 0.4785407110091743 0.7355934633027523 0.49815797018348623 0.7720255160550459
0 0.6217853483606557 0.296298668032787 0.5803662909836065 0.29253329918032794 0.5767161885245902 0.3326844262295083 0.6181352459016394 0.3364497950819673
0 0.6373557692307694 0.765096153846154 0.6119471153846154 0.7505769230769231 0.5931971153846154 0.7833894230769232 0.6186057692307694 0.7979086538461541
0 0.6348735211104238 0.431957788818435 0.5279681700433035 0.411659304438602 0.4925183169656667 0.5983618639808229 0.599423668032787 0.6186603483606559
0 0.5547705871491877 0.29783973412112263 0.5183461041358937 0.2964387924667652 0.5155119091580502 0.37012786189069435 0.5519363921713443 0.3715288035450518
0 0.26411764705882357 0.4645955882352942 0.2164705882352941 0.45400735294117645 0.21205882352941177 0.473860294117647 0.25970588235294123 0.48444852941176475
0 0.5747836538461538 0.4295192307692308 0.572139423076923 0.4083653846153846 0.5444471153846153 0.41182692307692303 0.5470913461538461 0.4329807692307693
0 0.471875 0.534375 0.409375 0.534375 0.409375 0.5875 0.471875 0.5875
0 0.7962751466890193 0.41938521584241417 0.7498795054484492 0.4005369865884326 0.7089310037720032 0.5013332984073764 0.7553266450125734 0.520181527661358
0 0.6963942307692308 0.5647836538461539 0.6696634615384616 0.5614423076923079 0.6668509615384616 0.5839423076923078 0.6935817307692308 0.587283653846154
0 0.6756801470588234 0.6505330882352941 0.6565992647058823 0.6282720588235293 0.6069301470588234 0.670845588235294 0.6260110294117647 0.6931066176470588
0 0.40510110294117635 0.946001838235294 0.3983455882352941 0.9347426470588236 0.384329044117647 0.9431525735294117 0.39108455882352927 0.9544117647058823
0 0.467701981707317 0.4686928353658537 0.4641006097560975 0.4362804878048781 0.38418445121951217 0.44516006097560973 0.3877858231707317 0.47757240853658534
0 0.6722214366515837 0.5036623303167421 0.6633130656108598 0.4938631221719458 0.6344598416289593 0.5200933257918553 0.6433682126696832 0.5298925339366517
0 0.6160845588235293 0.6502757352941176 0.6078124999999999 0.6171875 0.5739889705882353 0.6256433823529411 0.5822610294117647 0.6587316176470588
0 0.728125 0.20312500000000008 0.696875 0.20312500000000008 0.696875 0.25468750000000007 0.728125 0.25468750000000007
0 0.6959014423076924 0.2648677884615385 0.6750240384615385 0.2486298076923077 0.6546634615384616 0.27480769230769225 0.6755408653846154 0.2910456730769231
0 0.6841638513513516 0.5981418918918922 0.662373310810811 0.5945101351351353 0.6578969594594596 0.6213682432432435 0.6796875000000002 0.6250000000000002
0 0.7390625 0.2875000000000001 0.71875 0.2875000000000001 0.71875 0.3125000000000001 0.7390625 0.3125000000000001
0 0.5270432692307693 0.42584134615384617 0.5043509615384616 0.4230048076923077 0.5020192307692307 0.4416586538461539 0.5247115384615384 0.4444951923076923
0 0.37265625 0.8507812500000002 0.3296875 0.8078125000000002 0.30468750000000006 0.8328125000000002 0.34765625000000006 0.8757812500000002
0 0.5203125000000002 0.8453125 0.4968750000000002 0.8453125 0.4968750000000002 0.865625 0.5203125000000002 0.865625
0 0.37421875 0.46640625 0.22656250000000006 0.31875000000000003 0.17421875 0.3710937500000001 0.32187499999999997 0.51875
0 0.6071875000000001 0.4065625 0.5975000000000001 0.3871874999999999 0.5743750000000001 0.39875 0.5840625000000002 0.418125
0 0.6743389423076924 0.4310697115384615 0.6689302884615386 0.40402644230769236 0.6289663461538463 0.41201923076923086 0.6343750000000001 0.4390625
0 0.6834628378378379 0.20016047297297299 0.6700844594594595 0.15668074324324324 0.6446114864864865 0.16451858108108108 0.6579898648648649 0.20799831081081085
0 0.3059117268041237 0.21912048969072168 0.2586501288659794 0.1981153350515464 0.2417042525773196 0.23624355670103095 0.2889658505154639 0.25724871134020627
0 0.762269893111639 0.46988940023752984 0.7401684976247029 0.4492614311163896 0.7018222980997624 0.4903466448931117 0.7239236935866984 0.5109746140142519
0 0.6546874999999999 0.3125000000000001 0.6365271226415092 0.24893867924528307 0.6028891509433961 0.25854952830188677 0.6210495283018866 0.32211084905660387
0 0.4215154867256638 0.7038301991150443 0.3798257743362832 0.7010508849557524 0.37838772123893805 0.7226216814159292 0.4200774336283186 0.7254009955752212
0 0.6140625 0.3578125000000001 0.5765625 0.3578125000000001 0.5765625 0.38750000000000007 0.6140625 0.38750000000000007
0 0.3742187500000001 0.8492187500000001 0.2171875000000001 0.6921875000000002 0.15781250000000008 0.7515625000000001 0.3148437500000001 0.9085937500000002
0 0.3109375 0.234375 0.2828125 0.234375 0.2828125 0.2453125 0.3109375 0.2453125