0 0.528125 0.4515625 0.4734375 0.4515625 0.4734375 0.490625 0.528125 0.490625
0 0.5125 0.3937500000000001 0.4875 0.3937500000000001 0.4875 0.428125 0.5125 0.428125
0 0.728125 0.503125 0.6828125 0.503125 0.6828125 0.55 0.728125 0.55
0 0.6006147540983608 0.5104252049180328 0.5669313524590166 0.47000512295081975 0.5451075819672132 0.48819159836065584 0.5787909836065575 0.528611680327869
0 0.22031250000000008 0.365625 0.19687500000000005 0.365625 0.19687500000000005 0.3984375 0.22031250000000008 0.3984375
0 0.446875 0.4453125 0.4171875 0.4453125 0.4171875 0.478125 0.446875 0.478125
0 0.2534488341968912 0.2862694300518135 0.22722231217616584 0.27936771373057 0.2120830634715026 0.3368968588082902 0.23830958549222797 0.3437985751295337
0 0.17085336538461543 0.3629206730769231 0.14260817307692308 0.35727163461538464 0.1366586538461539 0.3870192307692307 0.1649038461538462 0.39266826923076925
0 0.029687500000000054 0.446875 5.482207936808073e-17 0.446875 5.903180274014976e-17 0.515625 0.02968750000000006 0.515625
0 0.2775 0.41906250000000006 0.24175000000000005 0.41256250000000005 0.23615 0.4433625 0.2719 0.44986250000000005
0 0.4840937500000001 0.49571875000000015 0.4606875 0.4923750000000001 0.45768750000000014 0.5133750000000001 0.48109375000000015 0.5167187500000001
0 0.8231569406077348 0.5509193715469614 0.8208693024861878 0.5074542472375692 0.7671529696132597 0.5102814226519338 0.7694406077348066 0.553746546961326
0 0.3812500000000001 0.5484375 0.35625000000000007 0.5484375 0.35625000000000007 0.58125 0.3812500000000001 0.58125
0 0.7684144053117783 0.385071449191686 0.7531286085450346 0.36341657043879916 0.7103096131639722 0.3936417436489609 0.7255954099307159 0.41529662240184767
0 0.277141393442623 0.5354303278688526 0.2466598360655738 0.5282581967213116 0.23442622950819675 0.580251024590164 0.26490778688524597 0.587423155737705
0 0.20199133211678832 0.5344457116788321 0.19552463503649634 0.478401003649635 0.17903740875912405 0.48030337591240874 0.18550410583941604 0.5363480839416058
0 0.30180625975039 0.5749609984399376 0.29345992589703584 0.5227964118564743 0.23099648985959434 0.532790561622465 0.23934282371294852 0.5849551482059283
0 0.4740532063197026 0.4213870817843867 0.4569121747211895 0.4082016728624536 0.43077369888475836 0.4421816914498142 0.44791473048327146 0.4553671003717473
0 0.4322599085365854 0.4955983231707318 0.40139100609756095 0.49216844512195135 0.3984375 0.51875 0.42930640243902446 0.5221798780487805
0 0.48067835365853656 0.42923018292682924 0.45609756097560983 0.4095655487804878 0.4100609756097561 0.46711128048780487 0.43464176829268286 0.48677591463414627
0 0.31406249999999997 0.528125 0.30868902439024387 0.47976371951219515 0.2773056402439024 0.483250762195122 0.2826791158536585 0.5316120426829268
0 0.2531250000000001 0.475 0.22812500000000008 0.475 0.22812500000000008 0.4953125 0.2531250000000001 0.4953125
0 0.13125000000000003 0.45625 0.08281250000000007 0.45625 0.08281250000000007 0.4890625 0.13125000000000003 0.4890625
0 0.5228125 0.5003125 0.50265625 0.49359374999999994 0.4956250000000001 0.5146875 0.5157812500000001 0.5214062500000001
0 0.6984375 0.4109375 0.6734375 0.4109375 0.6734375 0.4515625 0.6984375 0.4515625
0 0.6414080542725175 0.5198542147806007 0.6109194572748268 0.4983328521939955 0.5780528290993072 0.5448939087759817 0.6085414260969978 0.5664152713625868
0 0.6841216216216217 0.5687922297297298 0.675168918918919 0.5150760135135134 0.6409628378378378 0.5207770270270269 0.6499155405405406 0.5744932432432432
0 0.5373784046692607 0.4316330252918289 0.4732733463035019 0.42762645914396896 0.46992339494163426 0.4812256809338522 0.534028453307393 0.48523224708171214
0 0.44754795792079205 0.3746983292079208 0.42738242574257423 0.35819925742574255 0.4013459158415841 0.3900216584158416 0.4215114480198019 0.4065207301980198
0 0.5143028846153845 0.526201923076923 0.4966346153846154 0.5144230769230769 0.4651442307692307 0.5616586538461539 0.4828124999999999 0.5734375
0 0.038281250000000024 0.34140625 0.008750000000000013 0.33156250000000004 -0.01265624999999997 0.39578125 0.01687500000000004 0.40562499999999996
0 0.6296875 0.5046875 0.5984375 0.5046875 0.5984375 0.5484375 0.6296875 0.5484375
0 0.5890625 0.36406250000000007 0.559375 0.36406250000000007 0.559375 0.4203125 0.5890625 0.4203125
0 0.16891656091370563 0.5023556472081218 0.14604219543147212 0.5007217639593908 0.14282994923857872 0.5456932106598985 0.16570431472081223 0.5473270939086294
0 0.6609375 0.4546875 0.6390625 0.4546875 0.6390625 0.4890625 0.6609375 0.4890625
0 0.44375 0.4296875 0.4156250000000001 0.4015625000000001 0.36562500000000003 0.4515625000000001 0.39374999999999993 0.4796875
0 0.8375 0.5250000000000001 0.8125 0.5250000000000001 0.8125 0.5625000000000002 0.8375 0.5625000000000002
0 0.746875 0.4343750000000002 0.715625 0.43437500000000007 0.715625 0.49687500000000007 0.746875 0.4968750000000002