0 0.6383549528301886 0.7834610849056605 0.6325766509433961 0.7632370283018867 0.6018278301886791 0.7720224056603773 0.6076061320754716 0.7922464622641511
0 0.24087499999999995 0.7642499999999999 0.23746874999999995 0.7404062499999998 0.20028124999999997 0.7457187499999999 0.20368749999999997 0.7695624999999999
0 0.7515625000000001 0.85625 0.7000000000000002 0.85625 0.7000000000000002 0.884375 0.7515625000000001 0.884375
0 0.584375 0.60625 0.5453125 0.60625 0.5453125 0.628125 0.584375 0.628125
0 0.23378676470588236 0.6417095588235294 0.21474264705882354 0.6117830882352941 0.16904411764705887 0.6408639705882353 0.1880882352941177 0.6707904411764705
0 0.33400735294117645 0.6891544117647058 0.3276654411764706 0.6637867647058824 0.26553308823529415 0.6793198529411765 0.271875 0.7046875
0 0.3704807692307692 0.8704086538461538 0.3656129807692307 0.852560096153846 0.33652644230769224 0.8604927884615383 0.3413942307692307 0.8783413461538462
0 0.4767335032188841 0.6113432135193133 0.4357765557939913 0.43932403433476397 0.2229177843347639 0.4900046942060087 0.26387473175965664 0.662023873390558
0 0.40463302752293584 0.9732024082568808 0.3942029816513762 0.9633858944954129 0.36328555045871563 0.9962356651376147 0.3737155963302753 1.0060521788990826
0 0.22906249999999995 0.8612500000000001 0.21781250000000005 0.8387500000000001 0.18468750000000003 0.8553125000000001 0.19593749999999996 0.8778124999999999
0 0.16540865384615383 0.7342067307692307 0.16338942307692306 0.7180528846153845 0.13646634615384615 0.7214182692307692 0.1384855769230769 0.7375721153846154
0 0.24159628378378378 0.6870777027027029 0.23935810810810812 0.6736486486486487 0.21680743243243245 0.6774070945945946 0.21904560810810816 0.6908361486486487
0 0.9257165948275862 0.7481196120689655 0.9188200431034483 0.6308782327586206 0.8520474137931033 0.6348060344827586 0.8589439655172413 0.7520474137931034
0 0.441875 0.5146875000000002 0.41937499999999994 0.5034375000000001 0.40874999999999995 0.5246875 0.43125 0.5359375
0 0.1905330882352941 0.8996323529411765 0.18455882352941178 0.8757352941176471 0.15882352941176472 0.8821691176470589 0.16479779411764706 0.9060661764705882
0 0.6279138513513516 0.9559543918918921 0.6010557432432434 0.9514780405405407 0.5978885135135137 0.9704814189189191 0.6247466216216219 0.9749577702702705
0 0.5724821783819628 0.5614037632625994 0.5622554708222811 0.5061795424403183 0.5201239224137931 0.5139816810344827 0.5303506299734748 0.5692059018567639
0 0.3495807926829268 0.6912728658536585 0.3440343574108818 0.6274888602251407 0.2883413461538461 0.6323317307692308 0.29388778142589117 0.6961157363977486
0 0.720625 0.5525 0.6950000000000001 0.5396875000000001 0.6896875 0.5503125000000001 0.7153124999999999 0.5631250000000001
0 0.5394358407079646 0.746225110619469 0.5361241703539823 0.6965500553097345 0.5221238938053097 0.697483407079646 0.5254355641592919 0.7471584623893806
0 0.3812500000000001 0.4453125 0.3500000000000001 0.4453125 0.3500000000000001 0.4640625 0.3812500000000001 0.4640625
0 0.7796274038461539 0.5081129807692308 0.7543870192307692 0.503064903846154 0.7507211538461539 0.5213942307692309 0.7759615384615386 0.5264423076923077
0 0.6258620689655172 0.48221982758620696 0.6032327586206896 0.47316810344827587 0.5964439655172413 0.49014008620689664 0.619073275862069 0.4991918103448277
0 0.6121874999999999 0.8071875000000001 0.5987499999999999 0.7803125 0.558125 0.8006249999999999 0.5715625 0.8275
0 0.22218749999999998 0.8053125 0.20656249999999998 0.7740625000000001 0.1453125 0.8046875 0.16093749999999996 0.8359375
0 0.33359375 0.8398437500000002 0.30781250000000004 0.8140625000000001 0.2601562500000001 0.8617187500000002 0.28593750000000007 0.8875000000000002
0 0.891421353251318 0.4846386203866434 0.7785094463971881 0.46068760984182794 0.7648808216168719 0.5249368409490336 0.8777927284710015 0.548887851493849
1 0.534375 0.665625 0.3437500000000001 0.665625 0.3437500000000001 0.9171875 0.5343750000000002 0.9171875