0 0.3671875000000001 0.553125 0.2828125000000001 0.553125 0.2828125000000001 0.6359375 0.3671875000000001 0.6359375
0 0.07561161373707534 0.8034019571639588 0.07384601181683899 0.7574963072378138 0.021699593796159527 0.7595019387001477 0.02346519571639587 0.8054075886262926
0 0.14296875000000003 0.75703125 0.10828125000000006 0.74546875 0.1029687500000001 0.76140625 0.1376562500000001 0.77296875
0 0.7845754716981131 0.6708608490566037 0.7765271226415094 0.627936320754717 0.7226591981132076 0.6380365566037736 0.7307075471698112 0.6809610849056602
0 0.44733455882352946 0.5387867647058824 0.3785845588235294 0.5215992647058824 0.36755514705882353 0.5657169117647058 0.43630514705882356 0.582904411764706
0 0.6300876524390244 0.5120236280487807 0.5990472560975609 0.5085746951219514 0.5953696646341464 0.541673018292683 0.6264100609756098 0.5451219512195122
0 0.718792593256815 0.5287526901004304 0.6511903694404592 0.4772462338593974 0.6332204985652798 0.5008316893830702 0.7008227223816357 0.5523381456241032
0 0.2414541399817018 0.39725669030192134 0.161209114821592 0.3923933554437328 0.15671174519670633 0.46659995425434586 0.23695677035681614 0.4714632891125343
0 0.3711745689655172 0.577532327586207 0.3086745689655172 0.552532327586207 0.282489224137931 0.6179956896551724 0.344989224137931 0.6429956896551724
0 0.4490985576923078 0.8420072115384615 0.4271634615384616 0.8376201923076924 0.4240384615384616 0.8532451923076924 0.44597355769230773 0.8576322115384617
0 0.641237331081081 0.6642947635135135 0.6186444256756758 0.632664695945946 0.6048986486486487 0.6424831081081082 0.627491554054054 0.6741131756756757
0 0.10252403846153849 0.31262019230769234 0.06862980769230775 0.2900240384615385 0.05612980769230778 0.3087740384615385 0.0900240384615385 0.3313701923076923
0 0.6921875 0.225 0.6460937500000001 0.1789062500000001 0.60859375 0.21640625000000008 0.6546875 0.2625
0 0.6625928217821783 0.3978032178217822 0.6590810643564358 0.36268564356435645 0.6149907178217823 0.3670946782178218 0.6185024752475248 0.40221225247524756
0 0.5303034232365146 0.24651841286307058 0.49470954356846475 0.2370267116182573 0.4776711618257262 0.30092064315352707 0.513265041493776 0.3104123443983403
0 1.0669057829233846 0.5898407158408852 0.9835999102624452 0.28091477138990234 0.7502033806049193 0.34385316140990935 0.8335092532658586 0.652779105860892
0 0.5168721330275231 0.6286553899082571 0.435306766055046 0.604185779816514 0.4221043577981652 0.6481938073394498 0.5036697247706423 0.672663417431193
0 0.6236298076923078 0.30783653846153836 0.600829326923077 0.27852163461538454 0.5841706730769232 0.2914783653846153 0.606971153846154 0.3207932692307692
0 0.11545400943396233 0.7092452830188679 0.05441627358490575 0.6978007075471698 0.05066627358490574 0.7178007075471698 0.11170400943396233 0.7292452830188679
0 0.09218750000000009 0.7375 0.06562500000000009 0.7375 0.06562500000000009 0.753125 0.09218750000000009 0.753125
0 0.09218750000000006 0.58125 0.07031250000000007 0.58125 0.07031250000000007 0.6046875 0.09218750000000006 0.6046875
0 0.483263530927835 0.7041398195876291 0.4578125 0.6468750000000001 0.4077963917525773 0.6691043814432991 0.43324742268041244 0.7263692010309281
0 0.3765113290175172 0.43572805597867487 0.3079707730388424 0.3794268849961919 0.2829541127189642 0.40988194973343484 0.35149466869763907 0.46618312071591783
0 0.5162043539325843 0.5040730337078653 0.4469627808988765 0.46079705056179787 0.4289676966292135 0.4895891853932586 0.49820926966292134 0.532865168539326
0 0.15359165268456385 0.8666264681208056 0.11009333053691286 0.8589502936241612 0.10712038590604034 0.8757969798657721 0.15061870805369132 0.8834731543624164
0 0.29432339449541284 0.6451404816513762 0.28714162844036695 0.6212012614678899 0.2449971330275229 0.6338446100917431 0.25217889908256874 0.6577838302752295
0 0.7825166420118344 0.19727255917159775 0.6376201923076923 0.13689903846153853 0.6107618343195266 0.20135909763313614 0.7556582840236686 0.26173261834319533
0 0.20230698529411772 0.5325091911764707 0.15307904411764714 0.5287224264705883 0.15035845588235303 0.5640900735294118 0.1995863970588236 0.5678768382352941