0 0.6421875 0.5 0.5703125 0.5 0.5703125 0.5484375 0.6421875 0.5484375
0 0.4006971153846154 0.413173076923077 0.37031250000000004 0.4093750000000001 0.36824519230769237 0.42591346153846155 0.3986298076923077 0.4297115384615385
0 0.7512500000000001 0.399375 0.7196875 0.33625000000000005 0.6646875000000001 0.36375 0.69625 0.426875
0 0.4296875 0.6328125 0.4046875 0.6328125 0.4046875 0.6546875 0.4296875 0.6546875
0 0.6287740384615385 0.5286298076923076 0.6260336538461538 0.5067067307692307 0.5854567307692308 0.5117788461538461 0.5881971153846154 0.533701923076923
0 0.7280065433212997 0.4788300992779785 0.7013932761732851 0.46172157039711204 0.6951996841155234 0.47135604693140803 0.721812951263538 0.4884645758122745
0 0.08822115384615388 0.3088942307692307 0.061478365384615416 0.30354567307692304 0.05234375000000002 0.34921875 0.07908653846153849 0.3545673076923077
0 0.5170312499999999 0.44953125 0.51265625 0.43640625 0.49953125 0.44078125 0.50390625 0.45390625
0 0.7243566176470588 0.5650735294117648 0.711856617647059 0.5619485294117648 0.7078125000000002 0.578125 0.7203125 0.58125
0 0.715625 0.678125 0.621875 0.678125 0.621875 0.7078125 0.715625 0.7078125
0 0.4287735849056604 0.7305424528301888 0.41597877358490576 0.7268867924528303 0.4119103773584906 0.7411261792452831 0.4247051886792453 0.7447818396226416
0 0.3361680327868853 0.5834016393442625 0.32259221311475406 0.5671106557377049 0.31383196721311474 0.5744108606557377 0.32740778688524597 0.5907018442622951
0 0.6470224056603774 0.6580778301886794 0.6218455188679247 0.6508844339622641 0.6193101415094342 0.6597582547169812 0.6444870283018869 0.6669516509433964
0 0.49430147058823526 0.35091911764705885 0.4854779411764706 0.34871323529411774 0.4821691176470588 0.36194852941176475 0.49099264705882345 0.364154411764706
0 0.32198275862068965 0.6794181034482759 0.3009698275862069 0.6710129310344828 0.296875 0.68125 0.31788793103448276 0.689655172413793
0 0.22026949541284407 0.31420584862385326 0.19489678899082574 0.3065940366972478 0.1902522935779817 0.32207568807339454 0.21562500000000004 0.3296875
0 0.32109375 0.70546875 0.2992187500000001 0.6835937500000001 0.2906250000000001 0.6921875000000002 0.3125 0.7140625
0 0.7022647471910113 0.5332514044943821 0.6723490168539327 0.5145540730337079 0.6663799157303372 0.5241046348314607 0.6962956460674158 0.5428019662921348
0 0.6700437898089171 0.4309613853503185 0.6301950636942675 0.4092257165605096 0.6204617834394904 0.42707006369426753 0.6603105095541401 0.44880573248407635
0 0.5977941176470589 0.44007352941176475 0.5654411764705882 0.4319852941176471 0.5617647058823529 0.4466911764705883 0.5941176470588235 0.454779411764706
0 0.44433962264150945 0.37293632075471705 0.43475825471698115 0.35568985849056606 0.3964180424528302 0.3769899764150944 0.4059994103773585 0.39423643867924535
0 0.6699999999999999 0.436875 0.6209374999999999 0.33875000000000005 0.5884375000000001 0.35500000000000004 0.6375 0.453125