0 0.675000 0.784375 0.656250 0.784375 0.656250 0.801562 0.675000 0.801562
0 0.742188 0.446875 0.712500 0.446875 0.712500 0.467188 0.742188 0.467188
0 0.534375 0.060938 0.521875 0.060938 0.521875 0.079688 0.534375 0.079688
0 0.437500 0.393750 0.418750 0.393750 0.418750 0.407813 0.437500 0.407813
0 0.692574 0.458143 0.691553 0.444881 0.658934 0.447390 0.659954 0.460653
0 0.732066 0.257348 0.700854 0.242942 0.695640 0.254238 0.726852 0.268643
0 0.556710 0.379412 0.554871 0.355515 0.542086 0.356498 0.543925 0.380395
0 0.350125 0.785063 0.341500 0.773563 0.324500 0.786313 0.333125 0.797813
0 0.595313 0.107813 0.575000 0.107813 0.575000 0.125000 0.595313 0.125000
0 0.625000 0.228125 0.600120 0.211538 0.589543 0.227404 0.614423 0.243990
0 0.637406 0.853781 0.620562 0.851375 0.618281 0.867344 0.635125 0.869750
0 0.343750 0.257812 0.317188 0.257812 0.317188 0.271875 0.343750 0.271875
0 0.550000 0.682813 0.529687 0.682813 0.529687 0.714063 0.550000 0.714063
0 0.561623 0.442111 0.559394 0.422046 0.543617 0.423800 0.545846 0.443864
0 0.403906 0.777344 0.392188 0.765625 0.379688 0.778125 0.391406 0.789844
0 0.660938 0.825000 0.645313 0.825000 0.645313 0.839063 0.660938 0.839063
0 0.735156 0.703906 0.723437 0.692188 0.710156 0.705469 0.721875 0.717188
0 0.697198 0.710129 0.689682 0.692592 0.673464 0.699542 0.680981 0.717080
0 0.808613 0.370922 0.785976 0.368407 0.783784 0.388129 0.806421 0.390644
0 0.503125 0.125000 0.482812 0.125000 0.482812 0.139063 0.503125 0.139063
0 0.529687 0.506250 0.515625 0.506250 0.515625 0.525000 0.529687 0.525000
0 0.631250 0.418750 0.596875 0.418750 0.596875 0.432812 0.631250 0.432812
0 0.747812 0.145625 0.741250 0.132500 0.730625 0.137812 0.737187 0.150937
0 0.323438 0.929688 0.307813 0.929688 0.307813 0.939063 0.323438 0.939063
0 0.678135 0.380971 0.659415 0.370760 0.645621 0.396049 0.664341 0.406260
0 0.745945 0.404301 0.724175 0.390695 0.716362 0.403195 0.738132 0.416801
0 0.575465 0.990287 0.571959 0.969257 0.551436 0.972677 0.554941 0.993708
0 0.621875 0.557813 0.606250 0.550000 0.599375 0.563750 0.615000 0.571563
0 0.309338 0.967022 0.304963 0.947335 0.293051 0.949982 0.297426 0.969669
0 0.573184 0.090667 0.571284 0.079265 0.545693 0.083530 0.547593 0.094932
0 0.468750 0.317188 0.446094 0.294531 0.425781 0.314844 0.448437 0.337500
0 0.678290 0.542224 0.648015 0.535496 0.645074 0.548732 0.675349 0.555460
0 0.652955 0.920452 0.632225 0.918379 0.630832 0.932302 0.651563 0.934375
0 0.632812 0.265625 0.615625 0.265625 0.615625 0.279688 0.632812 0.279688
0 0.406250 0.607812 0.390625 0.607812 0.390625 0.623437 0.406250 0.623437
0 0.411469 0.388094 0.408937 0.370375 0.395812 0.372250 0.398344 0.389969
0 0.629687 0.000000 0.604688 0.000000 0.604688 0.010938 0.629687 0.010938
0 0.728366 0.394987 0.679698 0.386399 0.675058 0.412694 0.723726 0.421283
0 0.521875 0.298438 0.493750 0.298438 0.493750 0.318750 0.521875 0.318750
0 0.641934 0.987458 0.630215 0.971052 0.605976 0.988366 0.617694 1.000000
0 0.409375 0.729688 0.389063 0.729688 0.389063 0.750000 0.409375 0.750000
0 0.377829 0.504476 0.375887 0.492821 0.357390 0.495904 0.359333 0.507559
0 0.764062 0.195313 0.745313 0.195313 0.745313 0.207813 0.764062 0.207813
0 0.703125 0.293750 0.681250 0.293750 0.681250 0.304688 0.703125 0.304688
0 0.506250 0.567187 0.501250 0.552188 0.455781 0.567344 0.460781 0.582344
0 0.514062 0.215625 0.498437 0.215625 0.498437 0.232813 0.514062 0.232813
0 0.362500 0.839063 0.340625 0.839063 0.340625 0.857812 0.362500 0.857812
0 0.639062 0.671875 0.618750 0.671875 0.618750 0.689063 0.639062 0.689063
0 0.583534 0.935457 0.549880 0.928726 0.544712 0.954567 0.578365 0.961298
0 0.809743 0.574908 0.806250 0.560937 0.783456 0.566636 0.786949 0.580607
0 0.476563 0.809375 0.451563 0.809375 0.451563 0.829688 0.476563 0.829688
0 0.422335 0.287776 0.419485 0.276379 0.402574 0.280607 0.405423 0.292004
0 0.302349 0.704548 0.289759 0.697681 0.271785 0.730633 0.284375 0.737500
0 0.684796 0.069291 0.681671 0.053666 0.664243 0.057151 0.667368 0.072776
0 0.703801 0.472508 0.683530 0.469130 0.681926 0.478758 0.702196 0.482137
0 0.757212 0.598558 0.734135 0.583173 0.726202 0.595072 0.749279 0.610457
0 0.517899 0.599134 0.493611 0.596705 0.492188 0.610938 0.516476 0.613366
0 0.615409 0.661476 0.596282 0.653825 0.591433 0.665948 0.610560 0.673599
0 0.423408 0.199116 0.418573 0.182193 0.404540 0.186203 0.409375 0.203125
0 0.484939 0.470364 0.458594 0.467969 0.457018 0.485297 0.483363 0.487692
0 0.308594 0.544531 0.301563 0.537500 0.291406 0.547656 0.298438 0.554688
0 0.652024 0.316803 0.624129 0.314267 0.623169 0.324834 0.651063 0.327369
0 0.499954 0.891222 0.486857 0.883364 0.481204 0.892785 0.494301 0.900643
0 0.846474 0.542933 0.821789 0.460651 0.791686 0.469682 0.816370 0.551964
0 0.564063 0.473438 0.545312 0.473438 0.545312 0.493750 0.564063 0.493750
0 0.326563 0.450000 0.307813 0.450000 0.307813 0.464062 0.326563 0.464062
0 0.625741 0.332136 0.617558 0.313724 0.591028 0.325515 0.599211 0.343927
0 0.564121 0.849047 0.559271 0.830861 0.527276 0.839393 0.532125 0.857579
0 0.667729 0.127290 0.666337 0.113366 0.640037 0.115996 0.641429 0.129920
0 0.507834 0.629110 0.489170 0.622110 0.485253 0.632556 0.503917 0.639555
0 0.731250 0.282813 0.709375 0.282813 0.709375 0.301563 0.731250 0.301563
0 0.426563 0.890625 0.410938 0.890625 0.410938 0.901563 0.426563 0.901563
0 0.399399 0.956370 0.396815 0.943450 0.383594 0.946094 0.386178 0.959014
