3 0.6031250000000001 0.625 0.415625 0.625 0.4156250000000001 0.825 0.6031250000000001 0.825
3 0.45 0.08593750000000004 0.43046875 0.06640625 0.4203125 0.07656250000000002 0.43984375 0.09609375000000006
3 0.45312500000000017 0.815625 0.4281250000000002 0.815625 0.4281250000000002 0.853125 0.45312500000000017 0.853125
3 0.3211148648648649 0.11549831081081088 0.2942567567567568 0.11102195945945952 0.29180743243243246 0.12571790540540545 0.3186655405405406 0.13019425675675683
3 0.23402122641509449 0.8528007075471699 0.2131780660377359 0.8468455188679247 0.20386202830188688 0.8794516509433963 0.22470518867924544 0.8854068396226416
3 0.5281250000000002 0.803125 0.5015625000000001 0.803125 0.5015625000000001 0.834375 0.5281250000000002 0.834375
3 0.4093750000000001 0.4671875000000001 0.3937500000000001 0.4515625000000001 0.38125000000000003 0.46406250000000016 0.39687500000000003 0.47968750000000016
3 0.3636948529411765 0.7375919117647058 0.34797794117647063 0.6747242647058824 0.2994485294117647 0.6868566176470589 0.31516544117647055 0.7497242647058824
3 0.3953125 0.06093750000000005 0.3859375 0.06093750000000005 0.3859375 0.07343750000000004 0.3953125 0.07343750000000004
3 0.5408653846153847 0.378485576923077 0.5322115384615385 0.36550480769230764 0.5123798076923076 0.3787259615384615 0.5210336538461539 0.39170673076923085
3 0.5581925675675675 0.6085304054054055 0.5548986486486486 0.5887668918918919 0.5351351351351351 0.5920608108108109 0.5384290540540541 0.6118243243243243
3 0.47343750000000007 0.4687500000000001 0.4585937500000001 0.45390625000000007 0.4414062500000001 0.4710937500000001 0.4562500000000001 0.4859375000000001
3 0.25459558823529416 0.23400735294117653 0.2502757352941177 0.21672794117647057 0.21829044117647056 0.2247242647058824 0.22261029411764705 0.24200367647058832
3 0.6410957969432314 0.19024972707423576 0.6381891375545852 0.16844978165938868 0.5944868995633188 0.17427674672489085 0.597393558951965 0.19607669213973794
3 0.6639246323529411 0.7763327205882354 0.6519301470588235 0.7563419117647059 0.6337775735294118 0.7672334558823529 0.6457720588235294 0.7872242647058825
3 0.5103749999999999 0.9461250000000001 0.5000625 0.9323750000000001 0.4810625 0.9466249999999998 0.49137499999999995 0.9603750000000002
3 0.4414062500000001 0.4992187500000001 0.43046875000000007 0.4882812500000001 0.41484375 0.5039062500000002 0.42578125 0.5148437500000002