0 0.3687500000000001 0.465625 0.35625000000000007 0.465625 0.35625000000000007 0.478125 0.3687500000000001 0.478125
0 0.534375 0.3859375000000001 0.529375 0.38343750000000004 0.5262499999999999 0.3896875000000001 0.53125 0.39218750000000013
0 0.395 0.4884375 0.39125 0.4809374999999999 0.38687499999999997 0.48312499999999997 0.390625 0.490625
0 0.40242456896551726 0.44121767241379306 0.39811422413793107 0.4304418103448276 0.3916487068965517 0.43302801724137935 0.3959590517241379 0.4438038793103448
0 0.47203125 0.39578125000000003 0.46906250000000005 0.38687499999999997 0.46343749999999995 0.38875 0.4664062499999999 0.39765625000000004
0 0.24663461538461542 0.5027644230769232 0.24326923076923085 0.4977163461538462 0.23750000000000004 0.5015625000000001 0.24086538461538462 0.506610576923077
0 0.2984375000000001 0.4859375 0.2906250000000001 0.4859375 0.2906250000000001 0.49375 0.2984375000000001 0.49375
0 0.4359375 0.54375 0.43125 0.54375 0.43125 0.55 0.4359375 0.55
0 0.459375 0.44375 0.453125 0.44375 0.453125 0.4515625 0.459375 0.4515625
0 0.4385216346153847 0.4823918269230769 0.4328125 0.48125 0.43125 0.48906250000000007 0.43695913461538466 0.490204326923077
0 0.50234375 0.39921875 0.49624999999999997 0.39718749999999997 0.49390624999999994 0.40421874999999996 0.5 0.40625
0 0.3109375000000001 0.4515625 0.3046875000000001 0.45 0.30312500000000003 0.4562500000000001 0.30937500000000007 0.45781250000000007
0 0.475 0.4875 0.4671875 0.4875 0.4671875 0.4953125 0.475 0.4953125
0 0.5434375 0.5068750000000001 0.5390625000000001 0.5046875000000001 0.5359375000000001 0.5109375 0.5403125 0.513125
0 0.5265625 0.4109375 0.5203125 0.4109375 0.5203125 0.41875 0.5265625 0.41875
0 0.715625 0.4296875000000001 0.7099999999999999 0.4128125000000001 0.70109375 0.41578125000000005 0.7067187500000001 0.4326562500000001
0 0.4484375 0.4453125 0.440625 0.4453125 0.440625 0.453125 0.4484375 0.453125
0 0.25516826923076924 0.48353365384615393 0.2503605769230769 0.4825721153846154 0.2484375 0.4921875 0.2532451923076923 0.4931490384615385
0 0.4015625000000001 0.4593750000000001 0.3971875000000001 0.4571875 0.3946875000000001 0.46218750000000003 0.3990625000000001 0.4643750000000001
0 0.3078125000000001 0.5125 0.30156250000000007 0.5125 0.30156250000000007 0.5203125 0.3078125000000001 0.5203125
1 0.19062500000000007 0.4671875 0.10937500000000004 0.4671875 0.10937500000000007 0.5609375 0.1906250000000001 0.5609375