0 0.6875000000000002 0.853125 0.6203125000000002 0.853125 0.6203125000000002 0.9015625 0.6875000000000002 0.9015625
0 0.44609375 0.17890625000000007 0.43125 0.16406250000000006 0.41640625 0.17890625000000007 0.43125 0.19375000000000006
0 0.34242788461538465 0.29963942307692315 0.3334134615384615 0.29362980769230773 0.328125 0.30156250000000007 0.33713942307692313 0.3075721153846155
0 0.54375 0.4609375 0.528125 0.4609375 0.528125 0.4703125 0.54375 0.4703125
0 0.694463087248322 0.6876258389261747 0.6844064597315436 0.6732592281879196 0.6586094798657717 0.6913171140939598 0.6686661073825503 0.7056837248322149
0 0.45060840707964606 0.2252488938053098 0.41462251106194686 0.2228498340707965 0.4137790376106195 0.235501935840708 0.4497649336283187 0.2379009955752213
0 0.5234375 0.20624999999999996 0.5065625 0.17250000000000001 0.49031250000000004 0.180625 0.5071875 0.21437499999999998
0 0.44875 0.6240625 0.44281249999999994 0.6121875 0.41156249999999994 0.6278125 0.4175 0.6396875
0 0.3911739864864864 0.8670185810810812 0.362035472972973 0.8262246621621623 0.34134290540540546 0.8410050675675678 0.37048141891891884 0.8817989864864867
0 0.4515625000000002 0.871875 0.41406250000000017 0.871875 0.41406250000000017 0.884375 0.4515625000000002 0.884375
0 0.47140486725663716 0.5538855088495576 0.45171460176991146 0.5366565265486727 0.42258019911504424 0.5699529867256639 0.44227046460176994 0.5871819690265487
0 0.2807308306709265 0.1942292332268371 0.26078274760383385 0.17261880990415338 0.20821685303514376 0.22114117412140571 0.22816493610223643 0.24275159744408947
0 0.3163625891795482 0.5978838436385256 0.2917638971462544 0.5720552170035672 0.25091409036860873 0.6109597948870393 0.2755127824019025 0.6367884215219977
0 0.4953125 0.40156250000000016 0.47968749999999993 0.38593750000000004 0.453125 0.4125 0.4687500000000001 0.4281250000000001
0 0.4578125 0.2578125000000001 0.4421875 0.2578125000000001 0.4421875 0.2734375000000001 0.4578125 0.2734375000000001
0 0.41875 0.11875000000000005 0.403125 0.10312500000000005 0.36484375 0.14140625000000007 0.38046875 0.15703125000000007
0 0.6335336538461538 0.4792067307692308 0.6315625 0.46343749999999984 0.6006009615384615 0.46730769230769215 0.6025721153846154 0.4830769230769231
0 0.4972560975609756 0.37000762195121956 0.48658536585365847 0.3566692073170732 0.45819359756097555 0.3793826219512195 0.4688643292682927 0.3927210365853659
0 0.56875 0.503125 0.5590625000000001 0.48375 0.5340625000000001 0.49625 0.54375 0.515625
0 0.41746323529411755 0.41829044117647046 0.4109375 0.3921875 0.38042279411764707 0.39981617647058826 0.38694852941176466 0.4259191176470587
0 0.32421875000000006 0.39609375 0.30078125000000006 0.37265625 0.275 0.3984375000000001 0.2984375 0.4218750000000001
0 0.35625000000000007 0.47343750000000007 0.34687499999999993 0.4640625 0.33359374999999997 0.47734375000000007 0.34296875000000004 0.4867187500000002
0 0.599393382352941 0.8313235294117645 0.5915625 0.8221874999999998 0.5677573529411764 0.8425919117647058 0.5755882352941174 0.8517279411764704
0 0.728125 0.884375 0.7096153846153848 0.856610576923077 0.684375 0.8734375 0.7028846153846153 0.901201923076923
0 0.3503714139344262 0.46189805327868844 0.3484118852459016 0.440343237704918 0.3160092213114754 0.44328893442622946 0.31796875 0.4648437499999999
0 0.46690924657534244 0.47373715753424667 0.46177226027397256 0.46003852739726037 0.44362157534246566 0.4668450342465754 0.44875856164383554 0.4805436643835617
0 0.652027027027027 0.4246621621621621 0.6458614864864864 0.38766891891891897 0.6205236486486486 0.391891891891892 0.6266891891891891 0.4288851351351351
0 0.6421592960288809 0.7282547382671483 0.6346457581227437 0.7165670126353791 0.6043208483754512 0.7360615974729242 0.6118343862815884 0.7477493231046932
0 0.5256334459459461 0.5508868243243243 0.49092060810810817 0.5451013513513514 0.4878378378378379 0.5635979729729731 0.5225506756756758 0.569383445945946
0 0.7406250000000002 0.7484375000000002 0.7312500000000002 0.7484375000000002 0.7312500000000002 0.7968750000000002 0.7406250000000002 0.7968750000000002
0 0.48715394295302017 0.2792890100671142 0.4699559563758389 0.2672504194630873 0.451310822147651 0.29388632550335575 0.46850880872483225 0.3059249161073826
0 0.33115047327394204 0.5244807906458798 0.3131521436525612 0.3834938752783965 0.22509256681514475 0.3947355233853007 0.24309089643652557 0.535722438752784
0 0.3974009900990099 0.39744740099009906 0.39573019801980197 0.38073948019801984 0.364634900990099 0.38384900990099013 0.36630569306930694 0.40055693069306936
0 0.4234375 0.609375 0.41625000000000006 0.5950000000000001 0.40437500000000004 0.6009375000000001 0.41156249999999994 0.6153125
0 0.40859375 0.21484375000000006 0.3890625 0.19531250000000006 0.36328125 0.2210937500000001 0.3828125 0.2406250000000001
0 0.3655521373056995 0.35746437823834204 0.3569948186528498 0.3427946891191711 0.33037564766839383 0.3583225388601038 0.3389329663212436 0.37299222797927467
0 0.559375 0.24218750000000008 0.5265625 0.24218750000000008 0.5265625 0.2718750000000001 0.559375 0.2718750000000001
0 0.6476562500000002 0.8476562500000002 0.63515625 0.8351562500000002 0.61640625 0.8539062500000002 0.6289062500000002 0.8664062500000002
0 0.4546875 0.2953125000000001 0.4296875 0.2953125000000001 0.4296875 0.3140625000000001 0.4546875 0.3140625000000001
0 0.6275000000000001 0.6471875 0.6012500000000001 0.6384375 0.59375 0.6609375 0.62 0.6696875
0 0.5084806034482758 0.33395474137931036 0.49580818965517237 0.319698275862069 0.4719504310344827 0.34090517241379314 0.48462284482758616 0.3551616379310345
0 0.38474264705882344 0.03897058823529413 0.3539522058823529 0.020496323529411796 0.3266544117647058 0.06599264705882357 0.35744485294117645 0.08446691176470592
0 0.38572844827586206 0.654678879310345 0.3702801724137931 0.6292995689655174 0.3123836206896552 0.6645409482758622 0.3278318965517242 0.6899202586206897
0 0.5734375 0.2953125000000001 0.5609375 0.2953125000000001 0.5609375 0.3062500000000001 0.5734375 0.3062500000000001
0 0.46828125 0.74390625 0.46453124999999995 0.7326562499999999 0.4429687499999999 0.7398437499999999 0.44671874999999994 0.75109375
0 0.5799528301886792 0.5579599056603773 0.5753537735849056 0.5418632075471698 0.546255896226415 0.5501768867924529 0.5508549528301886 0.5662735849056604
0 0.27265625000000004 0.13671875000000006 0.25781250000000006 0.12187500000000004 0.2453125 0.13437500000000008 0.26015625 0.14921875000000007
0 0.43187499999999995 0.5496875 0.42125 0.5284375000000001 0.3712500000000001 0.5534375 0.3818750000000001 0.5746875
0 0.2528717269326683 0.33243453865336653 0.24930252493765584 0.26105049875311714 0.2165718516209476 0.2626870324189526 0.2201410536159601 0.3340710723192019
0 0.67734375 0.8460937500000002 0.6570312500000002 0.8257812500000001 0.6421875000000001 0.8406250000000002 0.6625000000000001 0.8609375000000001
0 0.6118990384615384 0.8766826923076925 0.5845913461538463 0.8732692307692309 0.5825000000000002 0.89 0.6098076923076923 0.8934134615384617
0 0.5819110576923077 0.7079927884615385 0.57265625 0.69609375 0.5492908653846154 0.714266826923077 0.558545673076923 0.7261658653846154
0 0.7143168392648774 0.5207892721703618 0.6728321907817969 0.48936150816802815 0.6286646732788799 0.5476626312718788 0.6701493217619603 0.5790903952742124
0 0.48395196506550225 0.14223526200873365 0.44243995633187777 0.08795032751091705 0.40242221615720536 0.11855212882096071 0.44393422489082973 0.1728370633187773
0 0.71375 0.8115625000000002 0.7070000000000001 0.8025625000000002 0.6957500000000001 0.8110000000000002 0.7025 0.8200000000000001
0 0.3893749999999999 0.7928124999999999 0.37937499999999996 0.7728125 0.3425 0.79125 0.3525 0.81125
0 0.4375 0.4921875 0.4125 0.4921875 0.4125 0.509375 0.4375 0.509375
0 0.38354779411764706 0.18262867647058822 0.37886029411764705 0.16387867647058826 0.3487132352941177 0.17141544117647062 0.3534007352941177 0.19016544117647055
0 0.31009615384615385 0.6385817307692309 0.30360576923076915 0.6288461538461538 0.28737980769230764 0.6396634615384615 0.29387019230769235 0.6493990384615385
0 0.43764740566037724 0.718484669811321 0.43228183962264133 0.6997051886792454 0.4002948113207546 0.7088443396226416 0.40566037735849053 0.7276238207547172
0 0.53671875 0.23046875000000006 0.528125 0.22187500000000004 0.51484375 0.2351562500000001 0.5234375 0.24375000000000008
0 0.3909579918032787 0.4760245901639345 0.37891905737704923 0.461577868852459 0.3592469262295082 0.4779713114754098 0.3712858606557377 0.4924180327868853
0 0.43451013513513514 0.3691891891891892 0.4274155405405405 0.3461317567567567 0.402491554054054 0.35380067567567564 0.4095861486486487 0.3768581081081081
0 0.68046875 0.8835937499999998 0.6647518382352942 0.8573988970588236 0.6325827205882353 0.8767003676470588 0.6482996323529411 0.9028952205882351
0 0.3172637195121951 0.6819359756097562 0.30468749999999994 0.671875 0.2934070121951219 0.6859756097560976 0.30598323170731706 0.6960365853658537
0 0.28515625 0.2679687500000001 0.27421875 0.2570312500000001 0.259375 0.27187500000000003 0.27031250000000007 0.2828125
0 0.38850961538461537 0.34317307692307697 0.3811057692307692 0.3302163461538462 0.3617548076923077 0.3412740384615385 0.3691586538461539 0.35423076923076924
0 0.5625625 0.3886250000000001 0.5608875 0.3794125000000001 0.5421874999999999 0.3828125000000001 0.5438624999999999 0.3920250000000001
0 0.30718749999999995 0.0965625 0.2896875 0.044062500000000004 0.2203125 0.0671875 0.23781249999999998 0.11968749999999999
0 0.4981592465753425 0.5106378424657535 0.47863869863013697 0.5033176369863014 0.46419092465753425 0.5418450342465754 0.4837114726027398 0.5491652397260275
0 0.6625000000000002 0.91875 0.6281250000000002 0.91875 0.6281250000000002 0.946875 0.6625000000000002 0.946875
0 0.40625 0.259375 0.398125 0.24312499999999998 0.3675 0.2584375 0.375625 0.27468750000000003
0 0.49218750000000017 0.978125 0.46093750000000017 0.978125 0.46093750000000017 0.9984375 0.49218750000000017 0.9984375
0 0.7143318965517242 0.8516702586206897 0.7057650862068966 0.8316810344827588 0.6793642241379312 0.8429956896551725 0.6879310344827587 0.8629849137931034
0 0.44663590604026854 0.4385423657718122 0.3865352348993289 0.4059878355704699 0.3667407718120806 0.44253145973154384 0.4268414429530202 0.47508598993288603
0 0.5630698529411765 0.923658088235294 0.5551286764705882 0.8879227941176469 0.5119485294117647 0.8975183823529409 0.5198897058823528 0.9332536764705882
0 0.4240384615384616 0.7391826923076923 0.41682692307692315 0.7283653846153847 0.4009615384615385 0.7389423076923077 0.408173076923077 0.7497596153846154
0 0.505396262886598 0.22653028350515472 0.4814755154639176 0.21589884020618566 0.47464561855670107 0.23126610824742277 0.4985663659793815 0.24189755154639184
0 0.3984375 0.7265625000000001 0.37906249999999997 0.7168750000000002 0.36687499999999995 0.7412500000000002 0.38625 0.7509375000000001
0 0.3812500000000001 0.59375 0.35187500000000005 0.5790625 0.34218750000000003 0.5984375000000001 0.3715625000000001 0.6131250000000001
0 0.3673986486486487 0.14970439189189189 0.36494932432432436 0.1350084459459459 0.3413851351351352 0.1389358108108108 0.34383445945945945 0.15363175675675675
0 0.4512423155737705 0.8074154713114755 0.4493212090163934 0.7862832991803279 0.41269211065573763 0.789613217213115 0.4146132172131147 0.8107453893442622