0 0.31718750000000007 0.415625 0.2671875000000001 0.415625 0.2671875000000001 0.465625 0.31718750000000007 0.465625
0 0.7046875 0.571875 0.6609375 0.571875 0.6609375 0.5921875 0.7046875 0.5921875
0 0.9234375 0.5562500000000001 0.90625 0.5562500000000001 0.90625 0.5718750000000001 0.9234375 0.5718750000000001
0 0.7873729261548471 0.3422545949902408 0.6829822706571242 0.33154786109303847 0.6804773910214704 0.3559704375406637 0.7848680465191932 0.366677171437866
0 0.6648938474870018 0.49879766031195844 0.6097811958405546 0.49650129982668983 0.6088036178509533 0.5199631715771231 0.6639162694974003 0.5222595320623917
0 0.6033313679245282 0.24525353773584907 0.5989091981132074 0.2297759433962264 0.5638266509433961 0.23979952830188678 0.5682488207547169 0.2552771226415095
0 0.70390625 0.7320312500000001 0.690625 0.7187500000000002 0.67421875 0.7351562500000002 0.6875 0.7484375000000002
0 0.6499047256097561 0.9944550304878048 0.6430830792682927 0.933060213414634 0.5811737804878049 0.9399390243902437 0.5879954268292683 1.0013338414634145
0 0.645859771573604 0.2454631979695432 0.5991116751269036 0.2421240482233503 0.5980567893401015 0.25689244923857874 0.644804885786802 0.2602315989847716
0 0.5958455882352942 0.5577573529411766 0.5258639705882353 0.5422058823529412 0.515827205882353 0.5873713235294119 0.5858088235294118 0.6029227941176472
0 0.5814482868020303 0.7059010152284264 0.5806313451776649 0.6944638324873097 0.5181154822335026 0.6989292512690355 0.5189324238578681 0.7103664340101522
0 0.6109375 0.1937500000000001 0.5890625 0.1937500000000001 0.5890625 0.2078125000000001 0.6109375 0.2078125000000001
0 0.6828125 0.8562500000000002 0.6628125 0.8462500000000002 0.64125 0.889375 0.6612500000000001 0.8993750000000003
0 0.6836215101522842 0.7949238578680204 0.6481004124365481 0.753937975888325 0.6061627538071066 0.7902839467005077 0.6416838515228427 0.8312698286802032
0 0.89375 0.5406250000000001 0.8625 0.5406250000000001 0.8625 0.5562500000000001 0.89375 0.5562500000000001
0 0.739154411764706 0.45349264705882364 0.6901654411764706 0.44972426470588245 0.6883272058823531 0.4736213235294119 0.7373161764705884 0.4773897058823531
0 0.47531250000000014 0.88375 0.4659375 0.8790625000000001 0.4612499999999999 0.8884375 0.47062500000000007 0.8931250000000002
0 0.7865344101123595 0.3468925561797753 0.7302756320224719 0.3339097612359551 0.7252194522471911 0.3558198735955057 0.7814782303370785 0.3688026685393259
0 0.12920673076923075 0.36334134615384617 0.1203125 0.35 0.06766826923076923 0.3850961538461538 0.07656249999999998 0.3984375
0 0.5082888719512195 0.2261623475609756 0.5074504573170732 0.2186166158536585 0.49201600609756097 0.22033155487804876 0.4928544207317073 0.22787728658536585
0 0.4734375 0.3000000000000001 0.425 0.3000000000000001 0.425 0.3203125000000001 0.4734375 0.3203125000000001
0 0.7015625 0.40625 0.6703125 0.40625 0.6703125 0.4265625 0.7015625 0.4265625
0 0.47930743243243257 0.3241554054054055 0.4478885135135135 0.318918918918919 0.44581925675675677 0.33133445945945955 0.4772381756756758 0.33657094594594605
0 0.3196836890243903 0.4197217987804878 0.2726943597560976 0.414500762195122 0.26972179878048785 0.4412538109756098 0.31671112804878054 0.4464748475609757
0 0.3397596153846154 0.8609855769230771 0.3265865384615384 0.8379326923076924 0.2899038461538461 0.8588942307692309 0.30307692307692313 0.8819471153846156
0 0.39875000000000016 0.9006250000000003 0.37413461538461545 0.897548076923077 0.3708894230769232 0.9235096153846154 0.3955048076923079 0.9265865384615386
0 0.04777644230769233 0.23299278846153845 0.008413461538461564 0.22512019230769229 0.005048076923076944 0.24194711538461539 0.044411057692307715 0.24981971153846155
0 0.35546875 0.3945312500000001 0.33671874999999996 0.37578125000000007 0.31796875 0.39453125000000006 0.33671875 0.4132812500000001
0 0.15468750000000003 0.278125 0.11875000000000005 0.278125 0.11875000000000005 0.3046875 0.15468750000000003 0.3046875
0 0.6262620192307692 0.5906850961538461 0.62421875 0.58046875 0.6097956730769232 0.5833533653846155 0.6118389423076923 0.5935697115384616
0 0.5517911585365853 0.2489329268292683 0.5497903963414634 0.23092606707317076 0.5163490853658537 0.23464176829268296 0.5183498475609756 0.25264862804878047
0 0.7781522755610972 0.6853919887780549 0.7294459164588529 0.6829566708229426 0.7276106608478804 0.719661783042394 0.7763170199501247 0.7220971009975063
0 0.5489634900990099 0.6119275990099011 0.5220451732673268 0.6092357673267328 0.519740099009901 0.6322865099009902 0.5466584158415841 0.6349783415841584
0 0.384900473273942 0.6117692093541203 0.37649638084632514 0.5877575167037863 0.3205386971046771 0.6073427060133632 0.32894278953229394 0.6313543986636971
0 0.48125 0.675 0.4609375 0.675 0.4609375 0.69375 0.48125 0.69375
0 0.5046875 0.23593750000000008 0.45625 0.23593750000000008 0.45625 0.2484375000000001 0.5046875 0.2484375000000001
0 0.3188701923076923 0.7509615384615385 0.30144230769230773 0.7474759615384615 0.29753605769230773 0.7670072115384616 0.3149639423076923 0.7704927884615385
0 0.10770474137931037 0.33410560344827583 0.09746767241379309 0.3085129310344827 0.05220905172413792 0.3266163793103448 0.06244612068965518 0.35220905172413797
0 0.4048485824742268 0.6910438144329898 0.39064110824742276 0.6847293814432991 0.37582152061855684 0.7180734536082476 0.39002899484536085 0.7243878865979383
0 0.8171875 0.5281250000000002 0.79375 0.5281250000000002 0.79375 0.5515625000000002 0.8171875 0.5515625000000002
0 0.9678340517241377 0.9063038793103448 0.9621228448275861 0.8920258620689655 0.9435344827586206 0.8994612068965516 0.9492456896551724 0.913739224137931
0 0.6030048076923077 0.5115384615384615 0.5828125 0.48125 0.5236778846153846 0.520673076923077 0.5438701923076923 0.5509615384615384
0 0.4078125 0.29218750000000016 0.39921874999999996 0.28359375000000003 0.39140624999999996 0.29140625000000003 0.4000000000000001 0.30000000000000016
0 0.7515625000000001 0.23906250000000004 0.7396875000000002 0.21531249999999996 0.7271875000000001 0.22156250000000002 0.7390625 0.2453125000000001
0 0.565625 0.2968750000000001 0.5171875 0.2968750000000001 0.5171875 0.3203125000000001 0.565625 0.3203125000000001
0 0.04379641089108915 0.28391089108910894 0.000015470297029734904 0.27953279702970296 -0.003295173267326701 0.3126392326732673 0.040485767326732716 0.3170173267326733
0 0.6781172648514848 0.33507889851485145 0.6552289603960395 0.31635210396039604 0.6287051361386137 0.34877011138613856 0.6515934405940592 0.367496905940594
0 0.4193509615384616 0.8358173076923077 0.3735576923076924 0.8052884615384617 0.3627403846153847 0.8215144230769234 0.4085336538461538 0.8520432692307693
0 0.7226562499999999 0.34765625 0.68609375 0.33546875 0.6806249999999999 0.35187500000000005 0.7171874999999999 0.36406250000000007
0 0.3765625000000001 0.7265625 0.3531250000000001 0.7265625 0.3531250000000001 0.7609375 0.3765625000000001 0.7609375
0 0.8471981545513028 0.4228791412029592 0.7338176463493085 0.3505086040527501 0.6953557212930204 0.4107656199742683 0.8087362294950144 0.48313615712447744