3 0.546875 0.2656250000000001 0.4984375 0.2656250000000001 0.4984375 0.3234375000000001 0.546875 0.3234375000000001
3 0.5 0.2468750000000001 0.43125 0.2468750000000001 0.43125 0.3468750000000001 0.5 0.3468750000000001
3 0.421875 0.3843750000000001 0.3734375000000001 0.3843750000000001 0.3734375000000001 0.4796875 0.421875 0.4796875
3 0.6171875 0.3421875000000001 0.575 0.3421875000000001 0.575 0.4109375 0.6171875 0.4109375
3 0.2875000000000001 0.375 0.18281250000000004 0.375 0.18281250000000004 0.4546875 0.2875000000000001 0.4546875
2 0.12500000000000006 0.290625 0.018750000000000034 0.290625 0.01875000000000004 0.41875 0.12500000000000006 0.41875
2 0.8671875 0.26250000000000007 0.85625 0.26250000000000007 0.85625 0.2828125000000001 0.8671875 0.2828125000000001
2 0.75625 0.2609375000000001 0.7234375 0.2609375000000001 0.7234375 0.3031250000000001 0.75625 0.3031250000000001
1 0.24218750000000008 0.8734375 0.15625000000000008 0.8734375 0.1562500000000001 0.971875 0.24218750000000008 0.971875
1 0.7968750000000002 0.8171875 0.6937500000000002 0.8171875 0.6937500000000002 0.884375 0.7968750000000002 0.884375
1 0.971875 0.6890625000000001 0.8359375 0.6890625000000001 0.8359375 0.7750000000000001 0.971875 0.7750000000000001
1 1 0.3187500000000001 0.9015625 0.3187500000000001 0.9015625 0.40156250000000016 1 0.40156250000000016
3 0.553125 0.09062500000000007 0.4625 0.09062500000000007 0.4625 0.19062500000000007 0.553125 0.1906250000000001
2 0.3500000000000001 0.915625 0.2875000000000001 0.915625 0.2875000000000001 0.96875 0.3500000000000001 0.96875