3 0.456426 0.084794 0.438708 0.077575 0.417658 0.129243 0.435377 0.136461
3 0.829724 0.731415 0.822482 0.698824 0.787904 0.706507 0.795147 0.739099
3 0.764798 0.393566 0.715180 0.348459 0.654376 0.415342 0.703995 0.460450
3 0.680331 0.708364 0.640625 0.698438 0.633824 0.725643 0.673529 0.735570
3 0.333750 0.895000 0.306875 0.881563 0.299687 0.895938 0.326563 0.909375
3 0.915625 0.448438 0.890625 0.448438 0.890625 0.464063 0.915625 0.464063
3 0.585152 0.849713 0.557745 0.829780 0.543083 0.849941 0.570490 0.869873
3 0.605781 0.710781 0.563125 0.696563 0.556250 0.717187 0.598906 0.731406
3 0.730721 0.818293 0.693990 0.813702 0.690769 0.839471 0.727500 0.844063
3 0.565625 0.734375 0.540625 0.734375 0.540625 0.751563 0.565625 0.751563
3 0.317188 0.837500 0.290625 0.837500 0.290625 0.850000 0.317188 0.850000
3 0.632644 0.799688 0.547622 0.763717 0.536494 0.790019 0.621516 0.825990
3 1.000000 0.648809 0.968100 0.645560 0.965950 0.667064 0.998437 0.670313
3 0.534375 0.453125 0.462500 0.453125 0.462500 0.504687 0.534375 0.504687
3 0.897887 0.592380 0.896516 0.577305 0.865382 0.580136 0.866752 0.595210
3 0.595313 0.935937 0.556250 0.935937 0.556250 0.950000 0.595313 0.950000
3 0.251567 0.991706 0.249781 0.976227 0.185493 0.983645 0.187279 0.999124
3 0.195313 0.759375 0.129688 0.759375 0.129688 0.801562 0.195313 0.801562
3 0.292750 0.619563 0.290344 0.602719 0.261250 0.606875 0.263656 0.623719
3 0.529421 0.613338 0.504554 0.610575 0.501296 0.639901 0.526162 0.642664
3 0.681486 0.702300 0.615861 0.683550 0.604717 0.722553 0.670342 0.741303
3 0.381611 0.779447 0.359904 0.767043 0.350577 0.783365 0.372284 0.795769
3 0.693750 0.448438 0.677344 0.432031 0.652344 0.457031 0.668750 0.473438
3 0.781563 0.711875 0.760313 0.701250 0.751875 0.718125 0.773125 0.728750
3 0.478125 0.606250 0.446875 0.606250 0.446875 0.629687 0.478125 0.629687
3 0.800615 0.847387 0.798617 0.825410 0.756352 0.829252 0.758350 0.851230
3 0.269487 0.486173 0.246403 0.473349 0.232916 0.497627 0.255999 0.510451
3 0.340625 0.853125 0.310938 0.853125 0.310938 0.867188 0.340625 0.867188
3 0.634206 0.858361 0.631292 0.840878 0.585684 0.848480 0.588598 0.865963
3 0.417031 0.767656 0.388906 0.758281 0.384688 0.770938 0.412813 0.780313
3 0.789062 0.175000 0.721875 0.175000 0.721875 0.214063 0.789062 0.214063
3 0.862187 0.744375 0.833438 0.730000 0.820937 0.755000 0.849687 0.769375
3 0.415625 0.915625 0.392188 0.915625 0.392188 0.926562 0.415625 0.926562
3 0.077139 0.848510 0.033870 0.843101 0.032236 0.856178 0.075505 0.861587
3 0.466349 0.757546 0.453849 0.741921 0.438986 0.753811 0.451486 0.769436
3 0.219312 0.469563 0.215000 0.439375 0.151344 0.448469 0.155656 0.478656
3 0.675021 0.621297 0.604131 0.594713 0.596104 0.616117 0.666995 0.642701
3 0.822053 0.761970 0.791723 0.745794 0.780607 0.766636 0.810937 0.782813
3 0.521815 0.753425 0.479748 0.745012 0.472957 0.778966 0.515024 0.787380
3 0.394652 0.289110 0.342904 0.286386 0.341631 0.310579 0.393379 0.313303
3 0.569689 0.893895 0.526481 0.887247 0.524115 0.902628 0.567323 0.909276
3 0.471875 0.712500 0.450000 0.712500 0.450000 0.726562 0.471875 0.726562
3 0.661153 0.818211 0.636369 0.808297 0.631950 0.819343 0.656735 0.829256
3 0.859331 0.552849 0.809302 0.548499 0.807027 0.574660 0.857056 0.579010
3 0.646961 0.696062 0.619060 0.683380 0.602044 0.720815 0.629944 0.733497
3 0.939709 0.360884 0.910884 0.349353 0.898599 0.380065 0.927425 0.391595
3 0.040625 0.648438 0.025000 0.632813 0.012500 0.645313 0.028125 0.660938
3 0.157721 0.552757 0.130607 0.536489 0.116544 0.559926 0.143658 0.576195
3 0.664062 0.646875 0.631250 0.646875 0.631250 0.667188 0.664062 0.667188
3 0.548699 0.864704 0.522634 0.860694 0.517883 0.891573 0.543949 0.895583
3 0.574038 0.813942 0.540144 0.791346 0.528125 0.809375 0.562019 0.831971
