0 0.443750 0.457813 0.362500 0.457813 0.362500 0.500000 0.443750 0.500000
0 0.327986 0.799830 0.299830 0.797014 0.298190 0.813413 0.326346 0.816228
0 1.000000 0.286857 0.996562 0.261875 0.909044 0.281324 0.914596 0.306305
0 0.514375 0.808750 0.480625 0.791875 0.467813 0.817500 0.501563 0.834375
0 0.171875 0.570312 0.148438 0.570312 0.148438 0.589063 0.171875 0.589063
0 0.684810 0.100102 0.682646 0.076294 0.645312 0.079687 0.647477 0.103496
0 0.632812 0.525000 0.481250 0.525000 0.481250 0.614062 0.632812 0.614062
0 0.728125 0.587500 0.682813 0.587500 0.682813 0.623438 0.728125 0.623438
0 0.137813 0.438438 0.086563 0.412813 0.072188 0.441563 0.123438 0.467187
0 0.492687 0.227982 0.481250 0.198437 0.423344 0.220853 0.434781 0.250397
0 0.344394 0.080591 0.309952 0.078678 0.309212 0.092005 0.343654 0.093918
0 0.991749 0.377382 0.963110 0.374200 0.961357 0.389977 0.989996 0.393159
0 0.737500 0.285938 0.695312 0.285938 0.695312 0.326563 0.737500 0.326563
0 0.392188 0.568750 0.331250 0.568750 0.331250 0.589063 0.392188 0.589063
0 0.462500 0.943750 0.425000 0.943750 0.425000 0.998437 0.462500 0.998437
0 0.388529 0.070257 0.381985 0.040809 0.340790 0.049963 0.347335 0.079412
0 0.473066 0.589353 0.390909 0.567102 0.365430 0.661178 0.447587 0.683429
0 0.232620 0.553462 0.191226 0.529808 0.175553 0.557236 0.216947 0.580889
0 0.467861 0.488704 0.422099 0.480745 0.411846 0.539696 0.457609 0.547655
0 0.787623 0.743920 0.763529 0.684207 0.638233 0.734765 0.662328 0.794477
0 0.557813 0.354688 0.481250 0.354688 0.481250 0.409375 0.557813 0.409375
0 0.452757 0.057904 0.447059 0.035110 0.395956 0.047886 0.401654 0.070680
0 0.329688 0.128125 0.304688 0.128125 0.304688 0.140625 0.329688 0.140625
0 0.415813 0.333063 0.401938 0.314562 0.371688 0.337250 0.385562 0.355750
0 0.718982 0.735890 0.656195 0.710205 0.640041 0.749690 0.702829 0.775376
0 0.337440 0.337200 0.332031 0.310156 0.295673 0.317428 0.301082 0.344471
0 0.392555 0.709283 0.305649 0.678245 0.286984 0.730508 0.373890 0.761546
0 0.873437 0.164063 0.845313 0.135937 0.832031 0.149219 0.860156 0.177344
0 0.567327 0.845483 0.498793 0.838629 0.495792 0.868642 0.564325 0.875495
0 0.368614 0.347776 0.321836 0.335302 0.314315 0.363505 0.361093 0.375979
0 0.447133 0.185077 0.443085 0.161800 0.385849 0.171755 0.389897 0.195032
0 0.446158 0.473222 0.366600 0.449355 0.355849 0.485192 0.435407 0.509060
0 0.339062 0.098438 0.268750 0.098438 0.268750 0.126563 0.339062 0.126563
0 0.991875 0.324062 0.989062 0.315625 0.970313 0.321875 0.973125 0.330312
0 0.749219 0.924219 0.688281 0.863281 0.657031 0.894531 0.717969 0.955469
0 0.442812 0.351250 0.433125 0.331875 0.393125 0.351875 0.402813 0.371250
0 0.084760 0.565577 0.081034 0.535769 0.065072 0.537764 0.068798 0.567572
0 0.590625 0.115625 0.518750 0.115625 0.518750 0.139063 0.590625 0.139063
0 0.298679 0.720941 0.226627 0.688918 0.207619 0.731685 0.279671 0.763708
0 0.455363 0.313133 0.435346 0.309797 0.432095 0.329307 0.452111 0.332644
0 0.736253 0.546662 0.617262 0.479729 0.593101 0.522682 0.712092 0.589614
0 0.425625 0.398125 0.411562 0.370000 0.369688 0.390938 0.383750 0.419063
0 0.398438 0.967187 0.359375 0.967187 0.359375 0.992188 0.398438 0.992188
0 0.158109 0.509725 0.085318 0.478529 0.070770 0.512473 0.143561 0.543669
0 0.167849 0.615445 0.108954 0.603666 0.100300 0.646935 0.159195 0.658714
0 0.954359 0.230130 0.906900 0.218830 0.892466 0.279456 0.939924 0.290756
0 0.218942 0.840905 0.196787 0.828597 0.183373 0.852742 0.205528 0.865050
0 0.615369 0.608120 0.612090 0.572054 0.529816 0.579534 0.533094 0.615599
0 0.468801 0.093133 0.462483 0.072601 0.398142 0.092399 0.404459 0.112931
0 0.526670 0.729418 0.478448 0.710129 0.458082 0.761045 0.506304 0.780334
0 0.470313 0.895312 0.434375 0.895312 0.434375 0.937500 0.470313 0.937500
0 0.590720 0.527883 0.481647 0.522143 0.479044 0.571594 0.588117 0.577335
0 0.628865 0.983165 0.513486 0.918552 0.485376 0.968748 0.600756 1.000000
0 0.699044 0.684761 0.686728 0.629338 0.579191 0.653235 0.591507 0.708658
0 0.508437 0.105938 0.470000 0.093125 0.449687 0.154063 0.488125 0.166875
0 0.633644 0.382441 0.568550 0.379611 0.566745 0.421108 0.631840 0.423939
0 0.727374 0.594628 0.717810 0.501378 0.479253 0.525846 0.488818 0.619096
0 0.520312 0.000000 0.487500 0.000000 0.487500 0.034375 0.520312 0.034375
0 0.296626 0.753425 0.144506 0.745819 0.140609 0.823749 0.292729 0.831355
0 0.998437 0.431250 0.976562 0.431250 0.976562 0.470313 0.998437 0.470313
0 0.759375 0.554688 0.721875 0.554688 0.721875 0.582813 0.759375 0.582813
0 0.380569 0.689771 0.214763 0.687139 0.213702 0.753963 0.379508 0.756594
