3 0.51875 0.2531250000000001 0.459375 0.2531250000000001 0.459375 0.3187500000000001 0.51875 0.3187500000000001
3 0.475 0.24375000000000008 0.390625 0.24375000000000008 0.390625 0.3546875000000001 0.475 0.3546875000000001
3 0.4234375 0.39375000000000004 0.3578125000000001 0.39375 0.3578125000000001 0.4953125 0.4234375 0.4953125
3 0.603125 0.3156250000000001 0.55 0.3156250000000001 0.55 0.3906250000000001 0.603125 0.3906250000000001
3 0.28593750000000007 0.4109375 0.16875000000000004 0.4109375 0.16875000000000004 0.5078125 0.28593750000000007 0.5078125
2 0.11875000000000005 0.35625 0.003125000000000043 0.35625 0.003125000000000052 0.503125 0.11875000000000005 0.503125
2 0.825 0.1906250000000001 0.8109375 0.1906250000000001 0.8109375 0.21250000000000008 0.825 0.21250000000000008
2 0.7203125 0.2093750000000001 0.68125 0.2093750000000001 0.68125 0.2578125000000001 0.7203125 0.2578125000000001
1 0.3359375000000001 0.9078125 0.2328125000000001 0.9078125 0.2328125000000001 0.996875 0.3359375000000001 0.996875
1 0.865625 0.7484375000000002 0.7515625000000001 0.7484375000000002 0.7515625000000001 0.834375 0.865625 0.834375
1 1 0.5890625000000002 0.86875 0.5890625000000002 0.86875 0.6984375000000002 1 0.6984375000000002
1 0.978125 0.22031250000000008 0.865625 0.22031250000000008 0.865625 0.3203125000000001 0.978125 0.3203125000000001
3 0.5 0.07968750000000005 0.3921875 0.07968750000000005 0.3921875 0.19687500000000005 0.5 0.19687500000000005
2 0.44062500000000016 0.928125 0.3703125000000001 0.928125 0.3703125000000001 0.99375 0.44062500000000016 0.99375