2 0.5421875000000002 0.7703125 0.4734375000000002 0.7703125 0.4734375000000002 0.828125 0.5421875000000002 0.828125
2 0.44531250000000017 0.8203125 0.36406250000000007 0.8203125 0.36406250000000007 0.871875 0.44531250000000017 0.871875
2 0.6375000000000002 0.8421875 0.5968750000000002 0.8421875 0.5968750000000002 0.8765625 0.6375000000000002 0.8765625
2 0.7921875 0.6796875000000002 0.765625 0.6796875000000002 0.765625 0.7015625000000002 0.7921875 0.7015625000000002
2 0.6140625000000001 0.7234375 0.5875 0.7234375 0.5875000000000001 0.7453125 0.6140625000000002 0.7453125
2 0.23437500000000008 0.7296875 0.17968750000000008 0.7296875 0.17968750000000008 0.7703125 0.23437500000000008 0.7703125
2 0.3671875000000001 0.921875 0.3187500000000001 0.921875 0.3187500000000001 0.953125 0.3671875000000001 0.953125
2 0.3781250000000001 0.6859375 0.33281250000000007 0.6859375 0.33281250000000007 0.7296875 0.3781250000000001 0.7296875
2 0.5234375 0.59375 0.4828125 0.59375 0.4828125 0.634375 0.5234375 0.634375
2 0.903125 0.4000000000000002 0.865625 0.4000000000000002 0.865625 0.42500000000000016 0.903125 0.42500000000000016
1 0.88125 0.08437500000000009 0.4671875 0.08437500000000006 0.4671875 0.5750000000000001 0.88125 0.5750000000000002
1 0.5140625 0.4734375 0.3750000000000001 0.4734375 0.3750000000000001 0.5671875 0.5140625 0.5671875
1 0.6578125 0.029687500000000068 0.4734375 0.029687500000000054 0.4734375 0.15312500000000007 0.6578125 0.1531250000000001
2 0.9671875 0.5859375000000002 0.91875 0.5859375000000002 0.91875 0.6406250000000002 0.9671875 0.6406250000000002