3 0.609375 0.5421875 0.5984375 0.5421875 0.5984375 0.5609375 0.609375 0.5609375
3 0.446875 0.6328125 0.4375 0.6328125 0.4375 0.6453125 0.446875 0.6453125
3 0.7386029411764707 0.49871323529411776 0.73125 0.496875 0.7291360294117647 0.5053308823529413 0.7364889705882355 0.507169117647059
3 0.7033405172413792 0.5630387931034483 0.7002155172413793 0.5552262931034483 0.69375 0.5578125 0.696875 0.565625
3 0.60625 0.546875 0.6 0.546875 0.6 0.5578125 0.60625 0.5578125
3 0.5875 0.540625 0.5848437499999999 0.5326562499999999 0.57875 0.5346875 0.5814062499999999 0.5426562500000001
3 0.675 0.45 0.6671875 0.45 0.6671875 0.4578125 0.675 0.4578125
3 0.6600609756097562 0.5782012195121953 0.6509146341463415 0.5667682926829267 0.6451981707317073 0.5713414634146341 0.6543445121951221 0.5827743902439027
3 0.4956250000000001 0.599375 0.49250000000000005 0.59 0.48453125 0.5926562499999999 0.48765625 0.6020312499999999
3 0.7484375 0.5765625000000002 0.740625 0.5765625000000002 0.740625 0.5859375000000002 0.7484375 0.5859375000000002
3 0.74375 0.5609375000000002 0.73125 0.5609375000000002 0.73125 0.5703125000000002 0.74375 0.5703125000000002
3 0.55 0.6296875 0.54375 0.6296875 0.54375 0.6390625 0.55 0.6390625
3 0.5723395270270272 0.6362753378378379 0.5657516891891893 0.6351773648648649 0.5635979729729731 0.6480996621621623 0.5701858108108111 0.6491976351351353
3 0.2734375000000001 0.61875 0.2640625000000001 0.61875 0.2640625000000001 0.6296875 0.2734375000000001 0.6296875
3 0.475 0.5640625 0.46875 0.5640625 0.46875 0.575 0.475 0.575
3 0.5578125 0.58125 0.546875 0.58125 0.546875 0.5921875 0.5578125 0.5921875
3 0.6381610576923078 0.5923677884615385 0.636298076923077 0.5830528846153846 0.6293870192307693 0.5844350961538461 0.6312500000000001 0.59375
3 0.5046875 0.5890625 0.4984375 0.5890625 0.4984375 0.5953125 0.5046875 0.5953125
3 0.490625 0.5375 0.4796875 0.5375 0.4796875 0.55 0.490625 0.55
3 0.5734375 0.5890625 0.565625 0.5890625 0.565625 0.6015625 0.5734375 0.6015625
3 0.54140625 0.6304687500000001 0.53359375 0.6226562500000001 0.5265625 0.6296875000000002 0.5343749999999999 0.6375000000000001
3 0.596875 0.63125 0.5890625 0.63125 0.5890625 0.640625 0.596875 0.640625
3 0.40744485294117655 0.6547794117647059 0.4005514705882353 0.6506433823529412 0.3953125 0.659375 0.4022058823529412 0.6635110294117647
3 0.5484375 0.5265625 0.5421875 0.5265625 0.5421875 0.534375 0.5484375 0.534375
3 0.5225 0.576875 0.51921875 0.5670312500000001 0.5131249999999999 0.5690625 0.51640625 0.57890625
3 0.534375 0.6125 0.5265625 0.6125 0.5265625 0.621875 0.534375 0.621875
3 0.7296875 0.534375 0.7125 0.534375 0.7125 0.5562500000000001 0.7296875 0.5562500000000001
3 0.6799999999999999 0.5396875000000001 0.674375 0.5378125 0.6725 0.5434375000000001 0.6781249999999999 0.5453125
3 0.3838341346153846 0.6551081730769232 0.3819711538461538 0.6457932692307693 0.37626201923076924 0.6469350961538463 0.37812500000000004 0.6562500000000002
3 0.6390625 0.50625 0.6328125 0.50625 0.6328125 0.51875 0.6390625 0.51875
3 0.6375 0.5609375 0.6296875 0.5609375 0.6296875 0.571875 0.6375 0.571875
3 0.6539522058823529 0.5595588235294117 0.6520220588235294 0.5518382352941176 0.6465073529411763 0.5532169117647058 0.6484374999999999 0.5609374999999999
3 0.4921875 0.5109375 0.48125 0.5109375 0.48125 0.521875 0.4921875 0.521875
3 0.5703125 0.6140625 0.5643028846153847 0.612860576923077 0.5625 0.621875 0.5685096153846153 0.6230769230769231
3 0.7531249999999999 0.5390625 0.75 0.5296875 0.7429687499999998 0.53203125 0.7460937499999998 0.54140625
3 0.6218750000000002 0.5968750000000002 0.61640625 0.59140625 0.61015625 0.5976562500000001 0.6156250000000001 0.6031250000000002
3 0.608375 0.6366875000000001 0.6031250000000001 0.6359375 0.6014375000000001 0.6477499999999999 0.6066875 0.6485
3 0.7484375 0.5484375000000001 0.7421875 0.5484375000000001 0.7421875 0.5546875000000002 0.7484375 0.5546875000000002
3 0.7184375000000001 0.42125 0.7140625 0.4125 0.7078125 0.4156250000000001 0.7121875 0.4243750000000001
3 0.6140625000000001 0.5687500000000003 0.6085937499999999 0.5632812500000001 0.60390625 0.56796875 0.6093750000000002 0.5734375000000002
3 0.7767780172413793 0.5541487068965518 0.7695043103448275 0.5512392241379309 0.7656249999999999 0.5609375 0.7728987068965517 0.5638469827586208
3 0.6769396551724138 0.5935883620689656 0.6688577586206896 0.5903556034482759 0.6656249999999999 0.5984375000000001 0.6737068965517241 0.6016702586206898
3 0.628125 0.60625 0.6203125 0.60625 0.6203125 0.615625 0.628125 0.615625
3 0.48586128048780497 0.4274390243902439 0.47366615853658545 0.4176829268292684 0.4686356707317074 0.4239710365853659 0.48083079268292694 0.43372713414634145
3 0.5796875 0.603125 0.571875 0.603125 0.571875 0.6125 0.5796875 0.6125
3 0.6764423076923076 0.5787259615384616 0.6689302884615385 0.5772235576923077 0.6670673076923077 0.5865384615384615 0.6745793269230769 0.5880408653846154
3 0.5980937499999999 0.51946875 0.5965312499999998 0.50853125 0.590625 0.509375 0.5921874999999999 0.5203125000000001
3 0.4375 0.634375 0.4296875 0.634375 0.4296875 0.64375 0.4375 0.64375
3 0.66875 0.5218750000000001 0.6625 0.515625 0.6578124999999999 0.5203125000000001 0.6640625 0.5265625000000002
3 0.6644396551724139 0.5407866379310344 0.6608836206896552 0.531896551724138 0.6546875000000001 0.534375 0.6582435344827587 0.5432650862068965
3 0.653125 0.50625 0.646875 0.50625 0.646875 0.515625 0.653125 0.515625
3 0.4125 0.653125 0.4046875 0.653125 0.4046875 0.6625 0.4125 0.6625
3 0.7070312499999999 0.61953125 0.7000000000000001 0.6171875000000002 0.6978125000000001 0.6237500000000001 0.7048437499999999 0.6260937500000001