0 0.804688 0.414063 0.781250 0.414063 0.781250 0.471875 0.804688 0.471875
0 0.847397 0.333026 0.835455 0.292421 0.784614 0.307375 0.796557 0.347980
0 0.745463 0.344554 0.741285 0.300681 0.710390 0.303624 0.714568 0.347496
0 0.709151 0.639793 0.648937 0.638881 0.646757 0.782763 0.706971 0.783676
0 0.682813 0.243750 0.628125 0.243750 0.628125 0.335938 0.682813 0.335938
0 0.615606 0.618921 0.562786 0.613053 0.552229 0.708060 0.605050 0.713929
0 0.673603 0.450926 0.634104 0.440622 0.610360 0.531643 0.649859 0.541947
0 0.795312 0.215625 0.737500 0.215625 0.737500 0.259375 0.795312 0.259375
0 0.776563 0.398438 0.728125 0.398438 0.728125 0.506250 0.776563 0.506250
0 0.740259 0.016526 0.606453 0.000000 0.584710 0.053433 0.718516 0.091988
0 0.550437 0.649937 0.546281 0.620844 0.516312 0.625125 0.520469 0.654219
0 0.173438 0.160938 0.156250 0.160938 0.156250 0.189062 0.173438 0.189062
0 0.795433 0.117788 0.782212 0.051683 0.752764 0.057572 0.765986 0.123678
0 0.506250 0.650000 0.459375 0.650000 0.459375 0.729688 0.506250 0.729688
0 0.310625 0.063125 0.290000 0.001250 0.236094 0.019219 0.256719 0.081094
0 0.941058 0.301226 0.918942 0.298462 0.915337 0.327308 0.937452 0.330072
0 0.770832 0.678208 0.760416 0.507387 0.676563 0.512500 0.686978 0.683321
0 0.718990 0.404327 0.669231 0.371154 0.639423 0.415865 0.689183 0.449038
3 0.578125 0.179688 0.362500 0.179688 0.362500 0.350000 0.578125 0.350000
3 0.934375 0.581250 0.856250 0.581250 0.856250 0.707813 0.934375 0.707813
