0 0.70625 0.24218750000000008 0.6875 0.24218750000000008 0.6875 0.2578125000000001 0.70625 0.2578125000000001
0 0.7015625 0.58125 0.6734375 0.58125 0.6734375 0.6 0.7015625 0.6
0 0.42040865384615406 0.9289182692307694 0.40694711538461553 0.9272355769230771 0.40463942307692313 0.9456971153846156 0.41810096153846166 0.947379807692308
0 0.3921875000000001 0.5875 0.3750000000000001 0.5875 0.3750000000000001 0.6015625 0.3921875000000001 0.6015625
0 0.6554538216560508 0.5894804936305732 0.6267714968152865 0.5738355891719744 0.619904458598726 0.5864251592356687 0.6485867834394903 0.6020700636942674
0 0.6518521341463415 0.7914557926829267 0.649016768292683 0.7782240853658536 0.6166844512195122 0.7851524390243902 0.6195198170731707 0.7983841463414633
0 0.5062499999999999 0.6390625 0.4921874999999999 0.634375 0.48453124999999997 0.6573437500000001 0.49859374999999995 0.6620312500000001
0 0.38749999999999996 0.20156250000000003 0.371875 0.1859375000000001 0.36171875 0.19609375000000004 0.37734375 0.21171875
0 0.4923253676470588 0.9049172794117647 0.48322610294117646 0.889751838235294 0.46691176470588236 0.8995404411764705 0.47601102941176465 0.9147058823529411
0 0.5406250000000001 0.7890625 0.5093750000000001 0.7890625 0.5093750000000001 0.8078125 0.5406250000000001 0.8078125
0 0.6828125 0.1703125000000001 0.665625 0.1703125000000001 0.665625 0.1859375000000001 0.6828125 0.1859375000000001
0 0.2714154411764707 0.7080882352941178 0.24898897058823538 0.7024816176470589 0.2460477941176471 0.7142463235294119 0.2684742647058824 0.7198529411764707
0 0.5671875 0.3062500000000001 0.5453125 0.3062500000000001 0.5453125 0.3375000000000001 0.5671875 0.3375000000000001
0 0.5235336538461539 0.5913942307692308 0.5216346153846154 0.5762019230769231 0.49990384615384614 0.5789182692307693 0.5018028846153846 0.5941105769230769
0 0.4359375 0.2078125000000001 0.415625 0.2078125000000001 0.415625 0.2296875000000001 0.4359375 0.2296875000000001
0 0.7024070945945947 0.21600506756756763 0.7001689189189191 0.2025760135135135 0.6826858108108108 0.20548986486486492 0.6849239864864864 0.218918918918919
0 0.7471875000000001 0.3521875000000001 0.7393750000000001 0.3365625 0.7231249999999999 0.34468750000000004 0.7309375000000001 0.36031250000000015
0 0.7107263513513514 0.3434543918918919 0.7000633445945945 0.3285261824324325 0.684839527027027 0.33940033783783785 0.6955025337837839 0.35432854729729735
0 0.753125 0.6718750000000002 0.728125 0.6718750000000002 0.728125 0.6906250000000002 0.753125 0.6906250000000002
0 0.40343750000000006 0.868125 0.3846875 0.85875 0.378125 0.8718750000000002 0.396875 0.8812500000000002
0 0.5078125 0.4890625 0.49375 0.4890625 0.49375 0.5078125 0.5078125 0.5078125
0 0.5889780405405406 0.597381756756757 0.5547719594594596 0.5916807432432434 0.5522381756756758 0.6068834459459461 0.5864442567567568 0.6125844594594596
0 0.6437922297297298 0.9111908783783784 0.6418074324324325 0.8992820945945945 0.6245777027027027 0.9021537162162161 0.6265625 0.9140625
0 0.3921875 0.048437500000000064 0.3828125 0.03906250000000007 0.37421875 0.047656250000000046 0.38359375 0.05703125000000005
0 0.6248550257731958 0.6577480670103094 0.614344394329897 0.6304204252577321 0.5943460051546392 0.638112113402062 0.6048566365979381 0.6654397551546393
0 0.6950000000000001 0.64625 0.6878124999999999 0.631875 0.6653125 0.643125 0.6725 0.6575
0 0.65078125 0.03984375000000007 0.6301562500000001 0.03296875000000008 0.6229687500000001 0.0545312500000001 0.6435937500000001 0.061406250000000086
0 0.60625 0.47343750000000007 0.600646551724138 0.45942887931034476 0.5839439655172413 0.4661099137931034 0.5895474137931034 0.4801185344827587
0 0.38499999999999995 0.01593750000000005 0.37374999999999997 0.010312500000000035 0.3646875 0.028437500000000025 0.3759375 0.03406250000000004
0 0.46062499999999995 0.9243750000000001 0.43718749999999995 0.9165625000000001 0.433125 0.92875 0.4565625 0.9365625
0 0.40703125 0.68203125 0.3843750000000001 0.659375 0.3632812500000001 0.6804687500000002 0.3859375 0.703125
0 0.6578125 0.4859375 0.6265625 0.4859375 0.6265625 0.5015625 0.6578125 0.5015625
0 0.7125 0.10781250000000009 0.690625 0.10781250000000009 0.690625 0.1218750000000001 0.7125 0.1218750000000001
0 0.5597886029411765 0.753998161764706 0.5466911764705882 0.7461397058823529 0.5395220588235293 0.7580882352941176 0.5526194852941176 0.7659466911764706
0 0.409 0.38487499999999997 0.4065 0.36737500000000006 0.39184374999999994 0.36946875000000007 0.3943437499999999 0.38696875
0 0.3664062500000001 0.6117187500000001 0.35625000000000007 0.6015625000000001 0.34453125000000007 0.6132812500000002 0.35468750000000004 0.6234375000000002
0 0.6765625 0.6265625 0.6265625 0.6265625 0.6265625 0.653125 0.6765625 0.653125
0 0.4546875 0.690625 0.4296875 0.690625 0.4296875 0.709375 0.4546875 0.709375
0 0.7125 0.042187500000000086 0.6828125 0.042187500000000086 0.6828125 0.06250000000000008 0.7125 0.06250000000000008
0 0.43372713414634145 0.26291920731707313 0.4316501524390244 0.2442263719512195 0.415186737804878 0.24605564024390242 0.41726371951219504 0.2647484756097561
0 0.35464939024390246 0.487157012195122 0.3397865853658537 0.47526676829268294 0.332469512195122 0.48441310975609764 0.34733231707317075 0.49630335365853673
0 0.6713942307692308 0.842908653846154 0.6525480769230769 0.8405528846153848 0.6510336538461539 0.8526682692307693 0.6698798076923077 0.8550240384615385
0 0.632298018292683 0.7358803353658538 0.6101753048780488 0.7334222560975612 0.6088795731707318 0.7450838414634148 0.631002286585366 0.7475419207317074
0 0.4953125 0.4453125000000001 0.45853658536585373 0.41589176829268304 0.44786585365853665 0.42923018292682935 0.48464176829268296 0.45865091463414637
0 0.43281250000000016 0.7734375 0.41718750000000016 0.7734375 0.41718750000000016 0.7921875 0.43281250000000016 0.7921875
0 0.4125 0.13125000000000003 0.3890625 0.13125000000000003 0.3890625 0.15156250000000004 0.4125 0.15156250000000004
0 0.6493749999999998 0.36125 0.6468749999999999 0.34375000000000006 0.6274062499999998 0.34653125000000007 0.6299062499999998 0.36403125000000003
0 0.6519495412844036 0.09191513761467889 0.6449397935779817 0.06854931192660547 0.6095326834862386 0.0791714449541284 0.6165424311926605 0.10253727064220182
0 0.7939338235294119 0.49292279411764717 0.7725643382352941 0.4801011029411765 0.7648437499999999 0.49296875000000007 0.7862132352941177 0.5057904411764708
0 0.5203860294117648 0.19158088235294124 0.5008272058823531 0.17481617647058828 0.4907904411764707 0.1865257352941177 0.5103492647058825 0.20329044117647072
0 0.354375 0.7037500000000001 0.339375 0.6962500000000001 0.3334375 0.7081250000000001 0.34843750000000007 0.715625
0 0.32300480769230766 0.2734134615384615 0.3130528846153846 0.23692307692307696 0.2986418269230769 0.24085336538461544 0.30859374999999994 0.27734375
0 0.5625000000000002 0.9625 0.5453125000000002 0.9625 0.5453125000000002 0.9796875 0.5625000000000002 0.9796875
0 0.6696875 0.5706249999999999 0.6640625 0.559375 0.6484375 0.5671875 0.6540625 0.5784374999999999
0 0.7484375000000001 0.4546875000000001 0.7375 0.44375 0.7171874999999999 0.4640625000000001 0.728125 0.4750000000000002
0 0.5125 0.3984375000000001 0.4890625 0.3984375000000001 0.4890625 0.4140625 0.5125 0.4140625
0 0.6211538461538462 0.3661057692307692 0.6137019230769231 0.3549278846153846 0.5956730769230769 0.3669471153846154 0.603125 0.37812499999999993
0 0.3371875000000001 0.7912500000000001 0.3240625000000001 0.7846875000000001 0.3162500000000001 0.8003125000000001 0.3293750000000001 0.8068750000000001
0 0.45506250000000004 0.5323125 0.4525625 0.5148124999999999 0.4269687499999999 0.51846875 0.42946874999999995 0.53596875
0 0.2966346153846154 0.4308894230769231 0.2884615384615385 0.41862980769230773 0.2805288461538462 0.42391826923076925 0.2887019230769231 0.4361778846153846
0 0.5859375 0.703125 0.5578125 0.703125 0.5578125 0.715625 0.5859375 0.715625
0 0.5546875 0.11562500000000009 0.5390625 0.11562500000000006 0.5390625 0.12656250000000008 0.5546875 0.12656250000000008
0 0.8259650735294117 0.534420955882353 0.7996783088235293 0.5176930147058825 0.753612132352941 0.5900827205882353 0.7798988970588236 0.606810661764706
0 0.5370006443298969 0.5296391752577321 0.5206185567010311 0.5223582474226806 0.5115335051546392 0.5427996134020621 0.5279155927835051 0.5500805412371135
0 0.2982812500000001 0.51453125 0.27953125 0.50828125 0.27484375 0.52234375 0.2935937500000001 0.52859375
0 0.5614430147058823 0.6949908088235295 0.537545955882353 0.6806525735294119 0.5272058823529412 0.6978860294117648 0.5511029411764705 0.7122242647058824
0 0.6119077166064981 0.18008799638989173 0.5831622292418773 0.16160875451263546 0.5720949909747293 0.17882445848375458 0.6008404783393501 0.19730370036101086
0 0.5623929794520548 0.9075770547945206 0.5365368150684933 0.897880993150685 0.5313356164383564 0.9117508561643837 0.5571917808219178 0.9214469178082194
0 0.5089062500000001 0.38140624999999995 0.5053124999999999 0.370625 0.48609374999999994 0.37703125000000004 0.48968749999999994 0.3878125
0 0.6618750000000001 0.7481250000000002 0.6431250000000002 0.7387500000000001 0.6340625000000001 0.7568750000000002 0.6528125000000001 0.7662500000000001
0 0.48828125 0.10703125000000006 0.47578125 0.09453125000000007 0.46796875 0.10234375000000007 0.48046875 0.11484375000000006
0 0.4702280405405405 0.04269425675675681 0.455785472972973 0.04028716216216223 0.45358952702702704 0.05346283783783791 0.46803209459459455 0.05586993243243249