0 0.703125 0.348438 0.634375 0.348438 0.634375 0.410938 0.703125 0.410938
0 0.952206 0.119301 0.942279 0.074632 0.861710 0.092537 0.871636 0.137206
0 0.844214 0.151208 0.808700 0.146472 0.806639 0.161927 0.842153 0.166662
0 0.279375 0.454063 0.260625 0.416563 0.210625 0.441563 0.229375 0.479063
0 0.631250 0.421875 0.562500 0.421875 0.562500 0.467187 0.631250 0.467187
0 0.421875 0.515625 0.390625 0.515625 0.390625 0.546875 0.421875 0.546875
0 0.391716 0.562694 0.317049 0.531583 0.305122 0.560207 0.379789 0.591318
0 0.867163 0.532620 0.857788 0.457620 0.778750 0.467500 0.788125 0.542500
0 0.700551 0.342831 0.635432 0.337822 0.629936 0.409274 0.695055 0.414283
0 0.517188 0.154688 0.496875 0.154688 0.496875 0.171875 0.517188 0.171875
0 0.389062 0.417188 0.362500 0.390625 0.349219 0.403906 0.375781 0.430469
0 0.985849 0.576091 0.947465 0.565124 0.941097 0.587412 0.979481 0.598379
0 0.462522 0.809116 0.413642 0.805043 0.407920 0.873707 0.456800 0.877780
0 0.441406 0.677344 0.415625 0.651563 0.384375 0.682813 0.410156 0.708594
0 0.589890 0.715809 0.555478 0.708162 0.540478 0.775662 0.574890 0.783309
0 0.337916 0.633267 0.142755 0.458649 0.000000 0.765161 0.063668 0.939779
0 0.560937 0.356250 0.479687 0.356250 0.479687 0.403125 0.560937 0.403125
0 0.484375 0.754688 0.459375 0.729688 0.443750 0.745313 0.468750 0.770313
0 0.903887 0.195922 0.901677 0.176029 0.843369 0.182508 0.845579 0.202401
0 0.884375 0.148438 0.857812 0.148438 0.857812 0.164063 0.884375 0.164063
0 0.915356 0.314170 0.906412 0.291810 0.888093 0.299138 0.897037 0.321498
0 0.569688 0.342500 0.543750 0.290625 0.491875 0.316562 0.517813 0.368437
0 0.748594 0.540156 0.667031 0.512969 0.653281 0.554219 0.734844 0.581406
0 0.590005 0.517592 0.517403 0.486476 0.504391 0.516837 0.576994 0.547953
0 0.815625 0.040625 0.773438 0.040625 0.773438 0.057813 0.815625 0.057813
0 0.734375 0.310938 0.716406 0.292969 0.685156 0.324219 0.703125 0.342188
0 0.472754 0.845737 0.324565 0.835398 0.319638 0.906021 0.467827 0.916360
0 0.844506 0.395812 0.841176 0.359183 0.794262 0.363448 0.797592 0.400077
