0 0.618750 0.296875 0.548438 0.296875 0.548438 0.381250 0.618750 0.381250
0 0.318750 0.889062 0.300000 0.889062 0.300000 0.900000 0.318750 0.900000
0 0.957167 0.197463 0.908099 0.106336 0.793585 0.167997 0.842653 0.259124
0 0.672813 0.694063 0.667188 0.682813 0.652812 0.690000 0.658438 0.701250
0 0.710938 0.140625 0.685937 0.140625 0.685937 0.167188 0.710938 0.167188
0 0.485024 0.749292 0.430336 0.733667 0.417305 0.779275 0.471993 0.794900
0 0.825375 0.529204 0.771478 0.455708 0.689717 0.515666 0.743615 0.589162
0 0.674575 0.300520 0.653950 0.249895 0.583026 0.278790 0.603651 0.329415
0 0.667188 0.146875 0.637500 0.146875 0.637500 0.165625 0.667188 0.165625
0 0.610820 0.405837 0.539844 0.366406 0.513827 0.413237 0.584802 0.452668
0 0.859375 0.703125 0.775000 0.703125 0.775000 0.732813 0.859375 0.732813
0 0.785708 0.346065 0.776066 0.274436 0.642873 0.292366 0.652515 0.363994
0 0.352524 0.664183 0.328726 0.648317 0.320313 0.660938 0.344111 0.676803
0 0.428586 0.888678 0.394493 0.885579 0.391470 0.918827 0.425564 0.921926
0 0.703125 0.231250 0.684375 0.231250 0.684375 0.256250 0.703125 0.256250
0 0.184136 0.506078 0.140986 0.492593 0.131033 0.524444 0.174183 0.537928
0 0.232813 0.578125 0.214063 0.578125 0.214063 0.589063 0.232813 0.589063
0 0.568465 0.657875 0.526095 0.561581 0.458076 0.591509 0.500446 0.687804
0 0.548438 0.545312 0.528125 0.545312 0.528125 0.564063 0.548438 0.564063
0 0.745313 0.550000 0.687500 0.550000 0.687500 0.581250 0.745313 0.581250
0 0.903936 0.650007 0.797031 0.624350 0.783047 0.682619 0.889951 0.708276
0 0.512500 0.393750 0.478125 0.393750 0.478125 0.414062 0.512500 0.414062
0 0.535937 0.473438 0.518750 0.473438 0.518750 0.489063 0.535937 0.489063
0 0.287500 0.421875 0.257813 0.421875 0.257813 0.453125 0.287500 0.453125
0 0.204688 0.467187 0.150000 0.467187 0.150000 0.498437 0.204688 0.498437
0 0.980239 0.655331 0.924632 0.621967 0.888925 0.681480 0.944531 0.714844
0 0.383497 0.875695 0.382516 0.859025 0.348077 0.861051 0.349057 0.877721
0 0.730557 0.204301 0.724436 0.190528 0.696456 0.202964 0.702577 0.216736
0 0.817187 0.226563 0.792188 0.226563 0.792188 0.246875 0.817187 0.246875
0 0.656764 0.543574 0.590164 0.518202 0.565114 0.583957 0.631714 0.609329
0 0.634572 0.833479 0.513364 0.819219 0.508511 0.860468 0.629719 0.874728
0 0.701562 0.670312 0.675000 0.670312 0.675000 0.695312 0.701562 0.695312
0 0.301563 0.742188 0.245313 0.742188 0.245313 0.768750 0.301563 0.768750
0 0.446875 0.310938 0.415625 0.310938 0.415625 0.326563 0.446875 0.326563
0 0.548438 0.184375 0.532813 0.184375 0.532813 0.200000 0.548438 0.200000
0 0.679481 0.250502 0.675743 0.221846 0.604002 0.231204 0.607740 0.259860
0 0.248980 0.437893 0.193104 0.418458 0.185136 0.441365 0.241012 0.460800
0 0.460938 0.665625 0.368750 0.665625 0.368750 0.714063 0.460938 0.714063
0 0.803125 0.246875 0.782813 0.246875 0.782813 0.260938 0.803125 0.260938
0 0.998437 0.318750 0.975000 0.318750 0.975000 0.335938 0.998437 0.335938
0 0.362040 0.700276 0.338879 0.694485 0.334926 0.710294 0.358088 0.716085
0 0.986563 0.950313 0.848563 0.766313 0.577063 0.969938 0.715063 1.000000
0 0.895860 0.630205 0.887907 0.554645 0.737680 0.570458 0.745634 0.646019
0 0.775312 0.505313 0.772834 0.475571 0.725506 0.479515 0.727985 0.509256
0 0.698438 0.181250 0.660937 0.181250 0.660937 0.215625 0.698438 0.215625
0 0.687316 0.183640 0.682813 0.165625 0.654136 0.172794 0.658640 0.190809
0 0.382813 0.487500 0.362500 0.487500 0.362500 0.498437 0.382813 0.498437
0 0.720313 0.476562 0.614062 0.476562 0.614062 0.518750 0.720313 0.518750
0 0.903125 0.676563 0.871094 0.644531 0.828125 0.687500 0.860156 0.719531
0 0.731039 0.149704 0.715076 0.147044 0.711233 0.170101 0.727196 0.172762
0 0.466562 0.847188 0.460250 0.803000 0.423719 0.808219 0.430031 0.852406
0 0.231718 0.511239 0.230425 0.493139 0.183788 0.496470 0.185081 0.514570
0 0.217125 0.911375 0.209250 0.900875 0.197250 0.909875 0.205125 0.920375
0 0.829688 0.271875 0.804688 0.271875 0.804688 0.289063 0.829688 0.289063
0 0.892052 0.048119 0.770259 0.025283 0.755949 0.101604 0.877742 0.124440
0 0.585938 0.464062 0.559375 0.464062 0.559375 0.509375 0.585938 0.509375
0 0.998437 0.346875 0.962500 0.346875 0.962500 0.475000 0.998437 0.475000
0 0.840625 0.973437 0.806250 0.973437 0.806250 0.996875 0.840625 0.996875
0 0.341597 0.742816 0.304897 0.738739 0.302858 0.757088 0.339558 0.761166
0 0.735938 0.006250 0.465625 0.006250 0.465625 0.128125 0.735938 0.128125
0 0.506622 0.257458 0.468357 0.237200 0.461136 0.250840 0.499400 0.271098
0 0.505984 0.730871 0.491406 0.692969 0.432877 0.715480 0.447455 0.753383
0 0.669375 0.197188 0.640625 0.182813 0.632500 0.199063 0.661250 0.213438
0 0.762188 0.670938 0.730313 0.655000 0.717500 0.680625 0.749375 0.696563
0 0.280622 0.790383 0.273083 0.773421 0.246843 0.785084 0.254381 0.802046
0 0.651593 0.351076 0.559439 0.246635 0.493394 0.304909 0.585548 0.409351
0 0.745937 0.376875 0.709688 0.358750 0.698750 0.380625 0.735000 0.398750
0 0.848437 0.312500 0.800000 0.312500 0.800000 0.342188 0.848437 0.342188
0 0.551562 0.415625 0.504687 0.415625 0.504687 0.470313 0.551562 0.470313
0 0.664062 0.125000 0.644531 0.105469 0.618750 0.131250 0.638281 0.150781
0 0.339959 0.944826 0.311783 0.942264 0.310707 0.954098 0.338883 0.956660
2 0.770312 0.015625 0.739062 0.015625 0.739062 0.035938 0.770312 0.035938
2 0.287500 0.421875 0.257813 0.421875 0.257813 0.453125 0.287500 0.453125
2 0.249128 0.437468 0.193252 0.418033 0.185136 0.441365 0.241012 0.460800
2 0.339959 0.944826 0.311783 0.942264 0.310707 0.954098 0.338883 0.956660
