3 0.34687500000000004 0.33125 0.3078125 0.33125 0.30781250000000004 0.40625 0.3468750000000001 0.40625
3 0.3500000000000001 0.428125 0.3000000000000001 0.428125 0.3000000000000001 0.4890625 0.3500000000000001 0.4890625
3 0.2671875000000001 0.48125 0.24218750000000008 0.48125 0.24218750000000008 0.5375 0.2671875000000001 0.5375
3 0.415625 0.3078125000000001 0.3796875 0.3078125000000001 0.37968750000000007 0.3703125000000001 0.415625 0.3703125000000001
0 0.09531250000000006 0.54375 0.06562500000000007 0.54375 0.06562500000000007 0.5875 0.09531250000000006 0.5875
0 0.09687500000000007 0.6125 0.07812500000000007 0.6125 0.07812500000000008 0.675 0.09687500000000009 0.675
0 0.2468750000000001 0.6265625 0.1859375000000001 0.6265625 0.1859375000000001 0.7828125 0.2468750000000001 0.7828125
0 0.4312500000000001 0.5875 0.37968750000000007 0.5875 0.37968750000000007 0.7375 0.4312500000000002 0.7375
2 0.565625 0.2750000000000001 0.484375 0.2750000000000001 0.484375 0.5828125 0.565625 0.5828125
2 0.490625 0.521875 0.3437500000000001 0.521875 0.3437500000000001 0.5640625 0.490625 0.5640625
2 0.49375 0.5640625 0.4484375 0.5640625 0.4484375 0.6984375 0.49375 0.6984375
2 0.3625000000000001 0.63125 0.3343750000000001 0.63125 0.3343750000000001 0.696875 0.3625000000000001 0.696875
0 0.7281250000000001 0.6687500000000001 0.6640625 0.66875 0.6640625000000001 0.7781250000000001 0.7281250000000001 0.7781250000000002
3 0.784375 0.5484375000000001 0.7609375 0.5484375000000001 0.7609375 0.6609375000000002 0.784375 0.6609375000000002