0 0.280229 0.328054 0.258364 0.321576 0.241987 0.376850 0.263852 0.383329
0 0.298768 0.223364 0.253676 0.194669 0.231608 0.229347 0.276700 0.258042
0 0.372296 0.236959 0.338341 0.230168 0.330529 0.269231 0.364483 0.276022
0 0.353375 0.576375 0.290156 0.567344 0.269813 0.709750 0.333031 0.718781
0 0.467928 0.200935 0.412937 0.186464 0.389540 0.275372 0.444531 0.289844
0 0.446490 0.573389 0.392837 0.566683 0.380889 0.662260 0.434543 0.668966
0 0.415625 0.389063 0.376563 0.389063 0.376563 0.482812 0.415625 0.482812
0 0.366360 0.145496 0.308272 0.130974 0.297702 0.173254 0.355790 0.187776
0 0.349957 0.345719 0.309454 0.316557 0.247632 0.402420 0.288136 0.431583
0 0.551562 0.000000 0.473438 0.000000 0.473438 0.028125 0.551562 0.028125
0 0.488101 0.611058 0.471755 0.586538 0.445793 0.603846 0.462139 0.628365
0 0.945974 0.261118 0.941767 0.240084 0.919231 0.244591 0.923438 0.265625
0 0.379129 0.005192 0.352733 0.000000 0.333481 0.037994 0.359877 0.049471
0 0.545938 0.644063 0.504687 0.623438 0.469063 0.694688 0.510313 0.715313
0 0.900879 0.085043 0.852549 0.053862 0.817487 0.108207 0.865818 0.139389
0 0.170719 0.179969 0.147531 0.176656 0.143437 0.205312 0.166625 0.208625
0 0.356791 0.447296 0.268750 0.429688 0.235757 0.594651 0.323798 0.612260
0 0.416649 0.364278 0.395744 0.312015 0.340517 0.334106 0.361422 0.386369
3 0.751563 0.143750 0.479687 0.143750 0.479687 0.379688 0.751563 0.379688
3 0.175000 0.445312 0.053125 0.445312 0.053125 0.593750 0.175000 0.593750
