0 0.619663 0.337748 0.561340 0.331915 0.558045 0.364867 0.616368 0.370699
0 0.630000 0.796250 0.624219 0.778906 0.606875 0.784687 0.612656 0.802031
0 0.899722 0.454987 0.789105 0.443343 0.783746 0.494259 0.894362 0.505903
0 0.246875 0.821875 0.216358 0.819332 0.213642 0.851918 0.244159 0.854461
0 0.611406 0.379844 0.593125 0.373750 0.586719 0.392969 0.605000 0.399063
0 0.924375 0.257500 0.911562 0.219062 0.807500 0.253750 0.820312 0.292187
0 0.398438 0.853125 0.371875 0.853125 0.371875 0.882812 0.398438 0.882812
0 0.737440 0.462800 0.689663 0.453245 0.683233 0.485397 0.731010 0.494952
0 0.762500 0.595313 0.725000 0.595313 0.725000 0.623438 0.762500 0.623438
0 0.998437 0.287500 0.993750 0.287500 0.993750 0.296875 0.998437 0.296875
0 0.610000 0.773125 0.567187 0.687500 0.410938 0.765625 0.453750 0.851250
0 0.630690 0.569224 0.600302 0.566692 0.597338 0.602252 0.627726 0.604784
0 0.471250 0.733125 0.466500 0.699875 0.439594 0.703719 0.444344 0.736969
0 0.951350 0.206638 0.924537 0.201763 0.922663 0.212075 0.949475 0.216950
0 0.552344 0.396094 0.528906 0.372656 0.499219 0.402344 0.522656 0.425781
0 0.672784 0.508829 0.623577 0.457483 0.589064 0.490559 0.638271 0.541905
0 0.684375 0.653125 0.637500 0.653125 0.637500 0.700000 0.684375 0.700000
0 0.952281 0.431594 0.948031 0.401844 0.887656 0.410469 0.891906 0.440219
0 0.668750 0.451563 0.643906 0.443281 0.636875 0.464375 0.661719 0.472656
0 0.145313 0.760938 0.125000 0.760938 0.125000 0.792188 0.145313 0.792188
0 1.000000 0.411531 0.960594 0.405531 0.956438 0.434625 0.998438 0.440625
0 0.673077 0.582572 0.649639 0.566947 0.640745 0.580288 0.664183 0.595913
0 0.984170 0.218058 0.964498 0.201665 0.955661 0.212269 0.975333 0.228663
0 0.051563 0.835938 0.037500 0.835938 0.037500 0.864062 0.051563 0.864062
0 0.116790 0.735670 0.087595 0.734133 0.085938 0.765625 0.115133 0.767162
0 0.882577 0.201670 0.841824 0.186387 0.832834 0.210360 0.873587 0.225642
0 0.846250 0.672188 0.794219 0.654844 0.786094 0.679219 0.838125 0.696562
0 0.346875 0.829688 0.315625 0.829688 0.315625 0.851562 0.346875 0.851562
0 0.605299 0.527329 0.518641 0.404081 0.396324 0.490085 0.482983 0.613332
0 0.792188 0.276563 0.760938 0.276563 0.760938 0.300000 0.792188 0.300000
0 0.264063 0.556250 0.242188 0.556250 0.242188 0.584375 0.264063 0.584375
0 0.814876 0.266485 0.783256 0.253310 0.776137 0.270396 0.807757 0.283571
0 0.829688 0.571875 0.773438 0.571875 0.773438 0.606250 0.829688 0.606250
0 0.611313 0.441688 0.578063 0.416750 0.564000 0.435500 0.597250 0.460438
0 0.697250 0.746375 0.684250 0.736625 0.671875 0.753125 0.684875 0.762875
0 0.700781 0.346094 0.677344 0.322656 0.644531 0.355469 0.667969 0.378906
0 0.908594 0.196094 0.902344 0.177344 0.880781 0.184531 0.887031 0.203281
0 0.475000 0.654687 0.458125 0.620937 0.417500 0.641250 0.434375 0.675000
0 0.271875 0.428125 0.204688 0.428125 0.204688 0.542188 0.271875 0.542188
0 0.722781 0.403219 0.718781 0.375219 0.676562 0.381250 0.680562 0.409250
0 0.053678 0.824477 0.051338 0.787026 0.034217 0.788096 0.036558 0.825547
0 0.643158 0.731687 0.637548 0.684002 0.604277 0.687916 0.609887 0.735602
0 0.608654 0.761418 0.554087 0.679567 0.372716 0.800481 0.427284 0.882332
0 0.351562 0.660937 0.333750 0.625313 0.299375 0.642500 0.317188 0.678125
0 0.504687 0.687500 0.476562 0.687500 0.476562 0.710938 0.504687 0.710938
0 0.786719 0.563281 0.767188 0.543750 0.754687 0.556250 0.774219 0.575781
0 0.987960 0.266912 0.939430 0.254779 0.932904 0.280882 0.981434 0.293015
0 0.314574 0.771943 0.284996 0.767999 0.277777 0.822141 0.307355 0.826085
0 0.916349 0.632546 0.866616 0.627020 0.863700 0.653258 0.913434 0.658784
0 0.562500 0.557813 0.539063 0.534375 0.521094 0.552344 0.544531 0.575781
0 0.492188 0.448438 0.450000 0.406250 0.434375 0.421875 0.476562 0.464063
0 0.600714 0.528956 0.562202 0.523031 0.558463 0.547336 0.596974 0.553260
0 0.616062 0.651500 0.613063 0.630500 0.588344 0.634031 0.591344 0.655031
0 0.764799 0.725666 0.761787 0.665426 0.705443 0.668243 0.708455 0.728483
0 0.819062 0.300625 0.793750 0.292188 0.788750 0.307188 0.814062 0.315625
0 0.561344 0.650043 0.548823 0.616652 0.526734 0.624936 0.539255 0.658326
0 0.384375 0.687500 0.331250 0.687500 0.331250 0.795312 0.384375 0.795312
0 0.399099 0.627945 0.355577 0.579303 0.328950 0.603127 0.372471 0.651769
0 0.121783 0.635570 0.080423 0.610754 0.068842 0.630055 0.110202 0.654871
0 0.760156 0.424219 0.742344 0.418281 0.738437 0.430000 0.756250 0.435938
0 0.366875 0.858438 0.350000 0.850000 0.339063 0.871875 0.355938 0.880313
0 0.579688 0.362500 0.548438 0.362500 0.548438 0.382813 0.579688 0.382813
0 0.603125 0.715625 0.591875 0.693125 0.567500 0.705313 0.578750 0.727812
0 0.851127 0.423540 0.813345 0.378202 0.762321 0.420722 0.800102 0.466060
0 0.423276 0.657435 0.399030 0.647737 0.393211 0.662284 0.417457 0.671983
0 0.674423 0.550553 0.661154 0.527332 0.632548 0.543678 0.645817 0.566899
0 1.000000 0.262373 0.998395 0.248184 0.973311 0.252365 0.975676 0.266554
0 0.756312 0.391063 0.728312 0.370063 0.715187 0.387563 0.743188 0.408563
0 0.766141 0.331349 0.747052 0.310351 0.733597 0.322582 0.752687 0.343580
0 0.208297 0.524831 0.133517 0.488648 0.119131 0.518380 0.193911 0.554564
0 0.660668 0.639170 0.640679 0.630603 0.635668 0.642295 0.655657 0.650862
0 0.785980 0.345059 0.757601 0.340329 0.753378 0.365667 0.781757 0.370397
0 0.227830 0.691657 0.198467 0.664741 0.186663 0.677618 0.216026 0.704534
0 0.308594 0.674219 0.290625 0.656250 0.269531 0.677344 0.287500 0.695313
0 0.537462 0.628468 0.508498 0.592264 0.473438 0.620313 0.502401 0.656517
0 0.126098 0.862162 0.108615 0.859248 0.104899 0.881546 0.122382 0.884459
