0 0.7015625 0.3203125000000001 0.6609375 0.3203125000000001 0.6609375 0.3468750000000001 0.7015625 0.3468750000000001
0 0.7684375000000001 0.5196875 0.7565625 0.49593749999999986 0.7103124999999999 0.5190625 0.7221874999999999 0.5428125
0 0.5638419117647059 0.5877573529411765 0.5602205882352942 0.5406801470588236 0.49450367647058824 0.5457352941176471 0.49812500000000004 0.5928125000000001
0 0.6512628424657535 0.5862157534246577 0.6123929794520547 0.5716395547945206 0.6073202054794521 0.5851669520547945 0.6461900684931509 0.5997431506849316
0 0.2828125 0.30625 0.2484375 0.30625 0.2484375 0.35 0.2828125 0.35
0 0.590625 0.07031250000000007 0.5703125 0.07031250000000007 0.5703125 0.09218750000000006 0.590625 0.09218750000000006
0 0.7255716463414634 0.6995426829268293 0.6659679878048783 0.6250381097560977 0.6120426829268294 0.6681783536585367 0.6716463414634146 0.7426829268292684
0 0.5360779494382024 0.7672752808988765 0.5107970505617978 0.7514747191011237 0.5023700842696629 0.7649578651685394 0.5276509831460675 0.7807584269662924
0 0.5980404713114755 0.4887423155737706 0.5591572745901641 0.4852074795081968 0.5570056352459017 0.508875512295082 0.5958888319672132 0.5124103483606558
0 0.571875 0.22812500000000008 0.5359375 0.22812500000000008 0.5359375 0.2640625000000001 0.571875 0.2640625000000001
0 0.8171875 0.5718750000000001 0.79765625 0.5523437500000001 0.76484375 0.5851562500000002 0.7843749999999999 0.6046875
0 0.616620662460568 0.6885055205047321 0.5670051261829652 0.6495218848580443 0.5487332413249211 0.6727770110410096 0.5983487776025237 0.7117606466876973
0 0.5776269104803493 0.35173307860262 0.5743790938864628 0.3273744541484716 0.537738810043668 0.3322598253275109 0.5409866266375545 0.3566184497816593
0 0.6854250000000001 0.4114125000000001 0.6302875 0.40138750000000006 0.6262625 0.42352500000000004 0.6814 0.43355000000000016
0 0.7921875 0.4593750000000002 0.775 0.4593750000000002 0.775 0.4734375000000002 0.7921875 0.4734375000000002
0 0.5431250000000001 0.06218750000000004 0.520625 0.05093750000000006 0.5146875 0.06281250000000008 0.5371875 0.07406250000000006
0 0.21832932692307697 0.39008413461538466 0.19401442307692304 0.35882211538461534 0.1281370192307692 0.41006009615384614 0.1524519230769231 0.44132211538461547
0 0.2815144230769231 0.41774038461538476 0.2583653846153846 0.39973557692307704 0.24313701923076922 0.419314903846154 0.26628605769230773 0.43731971153846166
0 0.6843750000000002 0.746875 0.6562500000000002 0.746875 0.6562500000000002 0.7734375 0.6843750000000002 0.7734375
0 0.7177849264705882 0.153170955882353 0.7017003676470587 0.14352022058823538 0.6880514705882352 0.16626838235294128 0.7041360294117647 0.1759191176470589
0 0.75 0.5562500000000001 0.7140625 0.5562500000000001 0.7140625 0.5750000000000001 0.75 0.5750000000000002
0 0.33203125000000006 0.37265625 0.30781250000000004 0.34843750000000007 0.2890625 0.3671875000000001 0.31328125 0.39140625000000007
0 0.5612270367412141 0.5677615814696486 0.5035692891373802 0.5654552715654952 0.5027580870607029 0.5857353234824282 0.5604158346645367 0.5880416333865816
0 0.35610576923076925 0.5980288461538462 0.30937500000000007 0.5921875000000001 0.30663461538461545 0.614110576923077 0.35336538461538464 0.6199519230769232
0 0.3550742574257425 0.3086324257425742 0.31887376237623755 0.26438737623762376 0.27292698019801975 0.3019801980198019 0.3091274752475247 0.34622524752475237
0 0.5742820945945947 0.6081925675675676 0.5718327702702704 0.5934966216216215 0.5510557432432434 0.5969594594594595 0.5535050675675677 0.6116554054054054
0 0.5671875 0.2656250000000001 0.5265625 0.2656250000000001 0.5265625 0.3000000000000001 0.5671875 0.3000000000000001
0 0.378125 0.24218750000000006 0.346875 0.2421875 0.346875 0.28437500000000004 0.378125 0.2843750000000001
0 0.828125 0.3656250000000001 0.7921875 0.3656250000000001 0.7921875 0.4031250000000002 0.828125 0.4031250000000002
0 0.1946875000000001 0.8434375000000003 0.17478125000000014 0.8405937500000003 0.17178125000000014 0.8615937500000003 0.1916875000000001 0.8644375000000002
0 0.59375 0.5140625 0.5765625 0.5140625 0.5765625 0.528125 0.59375 0.528125
0 0.3928750000000001 0.6063750000000001 0.37562500000000004 0.5934375000000001 0.3600625 0.6141875000000001 0.37731250000000005 0.627125
0 0.6016223200612557 0.5629618108728944 0.576270578101072 0.5200588629402758 0.5484757848392036 0.5364830589586524 0.5738275267993874 0.5793860068912711
0 0.7745048076923076 0.6301490384615385 0.7732499999999999 0.6075625 0.7279903846153845 0.610076923076923 0.7292451923076921 0.6326634615384614
0 0.650889423076923 0.7899278846153847 0.6466826923076923 0.7562740384615385 0.6220673076923077 0.7593509615384615 0.6262740384615384 0.7930048076923077
0 0.609375 0.4546875000000002 0.5890624999999999 0.43437500000000007 0.5757812499999999 0.4476562500000001 0.59609375 0.46796875000000016
0 0.5278353230337078 0.3668802668539326 0.47191889044943813 0.3539764747191011 0.4666783707865168 0.37668539325842704 0.5225948033707865 0.3895891853932585
0 0.51796875 0.9195312500000001 0.49921875000000016 0.9007812500000003 0.4500000000000002 0.9500000000000002 0.4687500000000001 0.9687500000000002
0 0.5542647058823529 0.11830882352941181 0.4856066176470587 0.10305147058823534 0.48031249999999986 0.12687500000000004 0.5489705882352941 0.14213235294117652
0 0.8085160202360877 0.44167105817875213 0.7966694772344014 0.40761224704890386 0.7274610033726814 0.4316847596964587 0.7393075463743676 0.4657435708263069
0 0.780528846153846 0.6114182692307694 0.7375841346153845 0.5780168269230772 0.7117548076923076 0.6112259615384619 0.7546995192307691 0.644627403846154
0 0.7409593340611353 0.30328875545851525 0.7385439410480349 0.28517330786026196 0.6974003820960698 0.29065911572052394 0.6998157751091703 0.3087745633187773
0 0.6299161585365853 0.5458079268292683 0.6280487804878049 0.529001524390244 0.6042111280487804 0.5316501524390244 0.6060785060975609 0.5484565548780488
0 0.7038751657824933 0.37248839522546434 0.6648168103448275 0.34563577586206906 0.6458512931034482 0.3732219827586208 0.6849096485411141 0.4000746021220161
0 0.3779362416107383 0.6489303691275168 0.3461619127516779 0.6266883389261746 0.33529781879194637 0.6422084731543626 0.36707214765100676 0.6644505033557048
0 0.6706730769230769 0.49086538461538476 0.6483173076923078 0.47596153846153866 0.6401442307692309 0.4882211538461541 0.6625 0.5031250000000002
0 0.6859375 0.5953125 0.659375 0.5953125 0.659375 0.6171875 0.6859375 0.6171875
0 0.7425693988173457 0.6555190538764782 0.6943598061760843 0.60971994086728 0.6742690538764785 0.6308681011826545 0.72247864651774 0.6766672141918528