0 0.3890625000000001 0.465625 0.3156250000000001 0.465625 0.3156250000000001 0.559375 0.3890625000000001 0.559375
0 0.6828125 0.2843750000000001 0.646875 0.2843750000000001 0.646875 0.30156250000000007 0.6828125 0.30156250000000007
0 0.4380011792452831 0.6115271226415095 0.4253242924528302 0.5887087264150944 0.3917600235849057 0.6073555424528302 0.40443691037735857 0.6301739386792453
0 0.36759375000000005 0.5002812500000001 0.3234062500000001 0.4939687500000002 0.3199062500000001 0.51846875 0.36409375000000005 0.52478125
0 0.19140625000000006 0.10234375000000004 0.1765625 0.08750000000000002 0.1609375 0.10312500000000002 0.17578125000000006 0.11796875000000004
0 0.538001179245283 0.17715212264150948 0.5037441037735849 0.16736438679245288 0.49749410377358494 0.18923938679245292 0.531751179245283 0.1990271226415095
0 0.42003676470588236 0.6988970588235295 0.4155330882352941 0.6808823529411765 0.3666360294117647 0.6931066176470588 0.371139705882353 0.7111213235294118
0 0.4859375 0.41875 0.4625 0.41875 0.4625 0.446875 0.4859375 0.446875
0 0.11495977722772277 0.18397277227722772 0.11318069306930693 0.1661819306930693 0.07852722772277229 0.16964727722772274 0.08030631188118811 0.18743811881188116
0 0.4573798076923077 0.42310096153846144 0.4539182692307692 0.39540865384615387 0.3937259615384615 0.40293269230769235 0.39718749999999997 0.4306249999999999
0 0.7055538366336633 0.05553836633663367 0.7044709158415842 0.044709158415841596 0.6743038366336634 0.04772586633663367 0.6753867574257426 0.058555074257425746
0 0.37187500000000007 0.659375 0.3359375000000001 0.659375 0.3359375000000001 0.68125 0.37187500000000007 0.68125
0 0.2296875 2.5354015763597545e-17 0.184375 2.2579425359279323e-17 0.184375 0.010937500000000025 0.2296875 0.010937500000000027
0 0.6359375 0.4984375 0.596875 0.4984375 0.596875 0.5203125 0.6359375 0.5203125
0 0.3761875 0.31300000000000006 0.37337499999999996 0.2933125 0.35324999999999995 0.29618749999999994 0.3560625 0.315875
0 0.10000000000000005 0.275 0.06875000000000005 0.275 0.06875000000000005 0.290625 0.10000000000000005 0.290625
0 0.16406250000000006 0.2953125 0.11875000000000005 0.2953125 0.11875000000000005 0.3140625 0.16406250000000006 0.3140625
0 0.521875 0.609375 0.4984375 0.609375 0.4984375 0.628125 0.521875 0.628125
0 0.15810096153846154 0.1741826923076923 0.15519230769230768 0.15091346153846152 0.12134615384615384 0.15514423076923076 0.12425480769230768 0.17841346153846155
0 0.39453125 0.43203125 0.38758081896551727 0.41581357758620696 0.35665409482758625 0.4290678879310345 0.363604525862069 0.4452855603448276
0 0.25444711538461534 0.08088942307692307 0.24362980769230766 0.06466346153846154 0.2126201923076923 0.08533653846153846 0.2234375 0.10156249999999997
0 0.1473350253807107 0.10644035532994922 0.146256345177665 0.09133883248730965 0.10883565989847717 0.09401173857868021 0.10991434010152286 0.10911326142131979
0 0.37198932926829265 0.7416539634146341 0.35996189024390246 0.7155945121951219 0.3259756097560976 0.731280487804878 0.3380030487804878 0.7573399390243902
0 0.3945312500000001 0.5179687500000001 0.3734375 0.496875 0.32812499999999994 0.5421875 0.34921875 0.5632812500000002
0 0.4754157110091743 0.6847190366972477 0.466427752293578 0.6547591743119267 0.3643635321100917 0.6853784403669725 0.3733514908256881 0.7153383027522935
0 0.400877808988764 0.22952949438202244 0.3890273876404494 0.21056882022471912 0.36992626404494383 0.22250702247191018 0.3817766853932584 0.24146769662921344
0 0.3671875 0.31562500000000004 0.3453125 0.315625 0.3453125 0.334375 0.3671875 0.33437500000000003
0 0.41640625 0.32421875 0.4015625000000001 0.30937500000000007 0.38671875000000006 0.3242187500000001 0.4015625 0.33906250000000004
0 0.09518581081081087 0.2991976351351352 0.07086148648648653 0.29514358108108113 0.06828547297297302 0.31059966216216217 0.09260979729729737 0.31465371621621624
0 0.215625 0.03906250000000002 0.1828125 0.03906250000000002 0.1828125 0.057812500000000024 0.215625 0.057812500000000024
0 0.4556985294117647 0.038419117647058874 0.4281249999999999 0.021875000000000068 0.42068014705882345 0.034283088235294155 0.4482536764705882 0.05082720588235297
0 0.2015625 0.225 0.16250000000000003 0.225 0.16250000000000003 0.2515625 0.2015625 0.2515625
0 0.3309375 0.6478125 0.311875 0.6096875000000002 0.27562500000000006 0.6278125000000001 0.2946875 0.6659375
0 0.5278125000000002 0.9525 0.49640625000000016 0.9420312500000001 0.49203125000000014 0.9551562500000002 0.5234375000000002 0.9656250000000002
0 0.41475961538461537 0.4727644230769231 0.41216346153846145 0.45199519230769225 0.38447115384615377 0.45545673076923077 0.3870673076923076 0.47622596153846153
0 0.5582989386792454 0.5216244103773586 0.5287146226415094 0.5051886792452831 0.5167010613207548 0.5268130896226415 0.5462853773584907 0.543248820754717
0 0.5195312500000001 0.050781250000000076 0.4919687500000001 0.04684375000000007 0.4876250000000001 0.07725000000000007 0.5151875 0.08118750000000008
0 0.18281250000000004 0.2625 0.14687500000000003 0.2625 0.14687500000000003 0.28125 0.18281250000000004 0.28125
0 0.44375 0.32500000000000007 0.4296875 0.32500000000000007 0.4296875 0.3343750000000001 0.44375 0.3343750000000001
0 0.3315625 0.500625 0.31375000000000003 0.46499999999999997 0.28937500000000005 0.4771875 0.3071875 0.5128125
0 0.5056562500000001 0.4244687500000001 0.4910000000000001 0.42237500000000006 0.4895312500000001 0.43265625000000013 0.5041875000000001 0.4347500000000002
0 0.5573053278688526 0.5205788934426231 0.5259118852459016 0.5068442622950821 0.5054713114754099 0.5535655737704918 0.5368647540983608 0.5673002049180329
0 0.40883620689655176 0.8752155172413794 0.4032327586206897 0.861206896551724 0.37602370689655173 0.8720905172413792 0.38162715517241386 0.8860991379310346
0 0.37893318965517236 0.297198275862069 0.3592672413793104 0.2893318965517242 0.3423491379310345 0.3316271551724138 0.36201508620689654 0.33949353448275865
0 0.459375 0.503125 0.4171875 0.503125 0.4171875 0.521875 0.459375 0.521875
0 0.4657536764705883 0.6154227941176471 0.4593198529411765 0.586470588235294 0.39165441176470583 0.6015073529411764 0.3980882352941176 0.6304595588235294
0 0.010937500000000095 0.76875 9.414472268445279e-17 0.76875 9.481445140273649e-17 0.7796875 0.010937500000000095 0.7796875
0 0.4640625 0.603125 0.434375 0.603125 0.434375 0.6171875 0.4640625 0.6171875
0 0.5039663461538462 0.01766826923076925 0.4921875 4.4408920985006264e-17 0.4810096153846154 0.0074519230769231285 0.49278846153846156 0.025120192307692336
0 0.25 0.02187500000000003 0.2140625 0.021875000000000026 0.2140625 0.04062500000000003 0.25 0.040625000000000036
0 0.47486452312138727 0.6874006502890173 0.4710169797687861 0.6623916184971098 0.4043262283236995 0.6726517341040462 0.4081737716763006 0.6976607658959536
0 0.5047768630849221 0.7869177859618718 0.47975519930675914 0.7858752166377816 0.4777567157712306 0.833838821490468 0.5027783795493936 0.8348813908145581
0 0.553125 0.6375 0.5328125 0.6375 0.5328125 0.65 0.553125 0.65
0 0.5646722560975611 0.45232469512195134 0.5283155487804879 0.4482850609756099 0.5259527439024391 0.46955030487804883 0.5623094512195123 0.4735899390243903
0 0.365 0.805 0.35500000000000004 0.785 0.311875 0.8065625000000001 0.321875 0.8265625
0 0.5281250000000002 0.8265625 0.5031250000000002 0.8265625 0.5031250000000002 0.8421875 0.5281250000000002 0.8421875