0 0.453125 0.071875 0.395313 0.071875 0.395313 0.103125 0.453125 0.103125
0 0.475000 0.818750 0.450000 0.818750 0.450000 0.835938 0.475000 0.835938
0 0.591406 0.735156 0.581563 0.731875 0.578594 0.740781 0.588438 0.744063
0 0.442188 0.515625 0.426563 0.515625 0.426563 0.525000 0.442188 0.525000
0 0.372813 0.264375 0.364063 0.246875 0.337812 0.260000 0.346562 0.277500
0 0.493438 0.775937 0.460156 0.764844 0.455937 0.777500 0.489219 0.788594
0 0.405562 0.809250 0.400312 0.772500 0.382594 0.775031 0.387844 0.811781
0 0.592187 0.387500 0.556250 0.387500 0.556250 0.401562 0.592187 0.401562
0 0.714494 0.212015 0.695636 0.164871 0.671929 0.174353 0.690787 0.221498
0 0.655625 0.149688 0.619282 0.138505 0.615701 0.150144 0.652044 0.161326
0 0.570044 0.459248 0.560888 0.433611 0.521196 0.447787 0.530352 0.473423
0 0.685625 0.850938 0.672187 0.824062 0.610938 0.854688 0.624375 0.881563
0 0.744103 0.456701 0.725689 0.426954 0.678353 0.456258 0.696767 0.486004
0 0.498575 0.601538 0.494975 0.581738 0.457575 0.588538 0.461175 0.608338
0 0.476563 0.739063 0.465625 0.728125 0.455469 0.738281 0.466406 0.749219
0 0.516889 0.882265 0.505902 0.862122 0.459703 0.887321 0.470691 0.907464
0 0.376058 0.482163 0.345481 0.478341 0.343413 0.494880 0.373990 0.498702
0 0.485094 0.618406 0.451844 0.613656 0.448969 0.633781 0.482219 0.638531
0 0.445875 0.483563 0.432750 0.466063 0.412500 0.481250 0.425625 0.498750
0 0.567187 0.598437 0.535937 0.598437 0.535937 0.628125 0.567187 0.628125
0 0.668404 0.656360 0.649282 0.630068 0.619367 0.651824 0.638488 0.678117
0 0.631875 0.564375 0.623438 0.553125 0.607187 0.565312 0.615625 0.576562
0 0.497584 0.145345 0.493138 0.135341 0.464723 0.147970 0.469169 0.157974
0 0.390625 0.051563 0.356250 0.051563 0.356250 0.085938 0.390625 0.085938
0 0.642350 0.582700 0.609487 0.576725 0.605662 0.597763 0.638525 0.603738
0 0.521875 0.529687 0.503125 0.529687 0.503125 0.545312 0.521875 0.545312
0 0.337500 0.526563 0.312500 0.526563 0.312500 0.565625 0.337500 0.565625
0 0.435345 0.236800 0.429526 0.222252 0.397198 0.235183 0.403017 0.249731
0 0.501563 0.428125 0.470313 0.428125 0.470313 0.450000 0.501563 0.450000
0 0.329521 0.143952 0.319593 0.141661 0.308769 0.188562 0.318697 0.190853
0 0.471687 0.708063 0.453937 0.694750 0.435562 0.719250 0.453313 0.732563
0 0.726562 0.529688 0.637500 0.529687 0.637500 0.675000 0.726562 0.675000
0 0.579688 0.628125 0.548438 0.628125 0.548438 0.645312 0.579688 0.645312
0 0.592187 0.412500 0.578125 0.412500 0.578125 0.428125 0.592187 0.428125
0 0.535907 0.815316 0.533199 0.788243 0.496535 0.791909 0.499242 0.818982
0 0.604630 0.683142 0.599943 0.667517 0.570556 0.676333 0.575244 0.691958
0 0.393452 0.732733 0.391391 0.699757 0.360846 0.701666 0.362907 0.734643
0 0.453243 0.123850 0.448585 0.107547 0.422583 0.114976 0.427241 0.131279
0 0.495745 0.694976 0.472091 0.692019 0.469856 0.709904 0.493510 0.712861
0 0.427813 0.316563 0.417812 0.296563 0.392188 0.309375 0.402187 0.329375
0 0.459375 0.643750 0.428125 0.643750 0.428125 0.670312 0.459375 0.670312
0 0.534375 0.967188 0.507812 0.940625 0.471875 0.976563 0.498437 1.000000
0 0.696600 0.395363 0.691225 0.365800 0.626462 0.377575 0.631837 0.407137
0 0.370313 0.665625 0.354688 0.665625 0.354688 0.678125 0.370313 0.678125
0 0.591575 0.278663 0.589650 0.268075 0.568200 0.271975 0.570125 0.282563
0 0.444591 0.419601 0.414720 0.417112 0.413437 0.432500 0.443308 0.434989
0 0.629327 0.922115 0.618269 0.905529 0.603846 0.915144 0.614904 0.931731
0 0.615009 0.478154 0.608859 0.457655 0.556393 0.473394 0.562543 0.493893
0 0.698438 0.731250 0.665625 0.731250 0.665625 0.806250 0.698438 0.806250
0 0.425625 0.126875 0.413277 0.100122 0.393758 0.109131 0.406105 0.135884
0 0.494665 0.088643 0.468941 0.085785 0.467035 0.102934 0.492759 0.105793
0 0.481250 0.268750 0.453125 0.268750 0.453125 0.282813 0.481250 0.282813
0 0.365739 0.414596 0.331441 0.371723 0.275610 0.416387 0.309909 0.459261
0 0.475916 0.892241 0.448680 0.828691 0.402856 0.848330 0.430092 0.911880
0 0.365625 0.131250 0.350000 0.131250 0.350000 0.140625 0.365625 0.140625
0 0.699639 0.259135 0.695373 0.237800 0.656611 0.245553 0.660877 0.266887
0 0.560937 0.509375 0.535937 0.509375 0.535937 0.525000 0.560937 0.525000
0 0.540500 0.855375 0.537875 0.837000 0.507250 0.841375 0.509875 0.859750
0 0.714063 0.414062 0.692187 0.414062 0.692187 0.426563 0.714063 0.426563
0 0.625000 0.303125 0.592187 0.303125 0.592187 0.321875 0.625000 0.321875
0 0.395625 0.747500 0.390938 0.738125 0.374063 0.746563 0.378750 0.755938
0 0.607813 0.554688 0.592188 0.539063 0.576562 0.554688 0.592187 0.570313
0 0.532813 0.642188 0.507812 0.642188 0.507812 0.665625 0.532813 0.665625
0 0.442188 0.070313 0.406250 0.070313 0.406250 0.100000 0.442188 0.100000
0 0.720313 0.364063 0.700000 0.364063 0.700000 0.381250 0.720313 0.381250
0 0.650000 0.785937 0.641346 0.772957 0.625481 0.783534 0.634135 0.796514
0 0.567187 0.678125 0.546875 0.678125 0.546875 0.693750 0.567187 0.693750
0 0.407813 0.589063 0.387500 0.589063 0.387500 0.598437 0.407813 0.598437
0 0.635874 0.945086 0.563493 0.941640 0.560945 0.995164 0.633325 0.998611
0 0.514062 0.459375 0.484375 0.459375 0.484375 0.492188 0.514062 0.492188
0 0.469688 0.045625 0.457188 0.020625 0.426563 0.035937 0.439063 0.060937
0 0.542188 0.751563 0.507813 0.751563 0.507813 0.773438 0.542188 0.773438
0 0.639062 0.037500 0.621755 0.011538 0.601923 0.024760 0.619231 0.050721
0 0.390377 0.113396 0.387938 0.091444 0.360328 0.094512 0.362767 0.116463
0 0.591333 0.589672 0.540957 0.541486 0.511638 0.572137 0.562014 0.620323
0 0.565625 0.070313 0.521875 0.070313 0.521875 0.107813 0.565625 0.107813
0 0.632031 0.292969 0.627969 0.280781 0.609687 0.286875 0.613750 0.299063
0 0.434644 0.757920 0.409321 0.747791 0.403179 0.763147 0.428502 0.773276
0 0.664062 0.301563 0.649219 0.286719 0.630469 0.305469 0.645312 0.320312
0 0.652706 0.446227 0.626410 0.425191 0.613300 0.441578 0.639596 0.462614
0 0.541406 0.878906 0.516469 0.875344 0.514594 0.888469 0.539531 0.892031
0 0.637177 0.222683 0.604580 0.209644 0.596390 0.230119 0.628987 0.243157
