0 0.2531250000000001 0.4734375 0.14843750000000006 0.4734375 0.14843750000000006 0.5734375 0.2531250000000001 0.5734375
0 0.17409855769230778 0.9607572115384615 0.14855769230769245 0.9556490384615385 0.14531250000000012 0.9718750000000002 0.17085336538461543 0.9769831730769232
0 0.8849158653846155 0.32770432692307694 0.8774639423076923 0.2904447115384615 0.8107572115384617 0.30378605769230765 0.8182091346153847 0.3410456730769231
0 0.48100000000000015 0.6595625000000002 0.4290625000000001 0.5903125000000002 0.3828125000000001 0.6250000000000002 0.4347500000000001 0.6942500000000001
0 0.4522355769230771 0.8758653846153847 0.434158653846154 0.8736057692307693 0.43209134615384626 0.8901442307692309 0.45016826923076936 0.8924038461538462
0 0.42259375000000016 0.9496562500000001 0.4018125 0.9466875000000001 0.399125 0.9655000000000001 0.4199062500000001 0.9684687500000001
0 0.16433189655172417 0.5686422413793103 0.1526939655172414 0.5395474137931033 0.11012931034482758 0.556573275862069 0.12176724137931036 0.5856681034482759
0 0.13007352941176475 0.4456433823529412 0.08246323529411766 0.4048345588235295 0.059411764705882344 0.4317279411764707 0.10702205882352944 0.47253676470588246
0 0.46828124999999987 0.54828125 0.43265624999999985 0.53640625 0.4225 0.566875 0.4581249999999999 0.5787500000000001
0 0.686814024390244 0.39523628048780496 0.6530297256097561 0.39148246951219523 0.6506288109756098 0.4130907012195123 0.6844131097560976 0.4168445121951221
0 0.07809551886792453 0.5180719339622641 0.07604658018867924 0.4709463443396227 0.05136497641509434 0.4720194575471699 0.05341391509433961 0.5191450471698114
0 0.18091216216216224 0.753589527027027 0.1644425675675676 0.7305320945945946 0.14153293918918922 0.7468961148648648 0.15800253378378387 0.7699535472972973
0 0.378125 0.04531250000000005 0.31875 0.04531250000000005 0.31875 0.07812500000000004 0.378125 0.07812500000000004
0 0.40758159971305596 0.6476663378766142 0.3638002152080345 0.614309092539455 0.31333393113342906 0.6805460903873746 0.35711531563845056 0.7139033357245339
0 0.27896495664739895 0.4687409682080926 0.1495357658959538 0.4271387283236995 0.1024548410404625 0.5736127167630058 0.23188403179190767 0.6152149566473989
0 0.6642314189189191 0.9458614864864867 0.6348395270270272 0.9409628378378379 0.6293496621621624 0.973902027027027 0.6587415540540543 0.9788006756756757
0 0.5171875 0.4828125000000001 0.4578125 0.4531250000000001 0.44468749999999996 0.4793750000000001 0.5040625 0.5090625000000001
0 0.453125 0.38750000000000007 0.40625 0.38750000000000007 0.40625 0.4125 0.453125 0.4125
0 0.4046875 0.46875 0.3609375000000001 0.46875 0.3609375000000001 0.5078125 0.4046875 0.5078125
0 0.08850480769230769 0.8133990384615386 0.08335096153846153 0.7206298076923077 0.035149038461538454 0.7233076923076922 0.040302884615384615 0.8160769230769231
0 0.3500000000000001 0.521875 0.3156250000000001 0.521875 0.3156250000000001 0.546875 0.3500000000000001 0.546875
0 0.38367647058823523 0.620018382352941 0.37099264705882345 0.605220588235294 0.35014705882352937 0.6230882352941176 0.36283088235294114 0.6378860294117648
0 0.19218750000000004 0.3593750000000001 0.17890625000000004 0.3460937500000001 0.17187500000000003 0.3531250000000001 0.18515625000000002 0.3664062500000001
0 0.7777151639344263 0.20763319672131164 0.7324923155737706 0.20352202868852473 0.7289062500000001 0.24296875000000012 0.7741290983606558 0.24707991803278703
0 0.49218750000000017 0.8953125 0.4468750000000002 0.8953125 0.4468750000000002 0.921875 0.49218750000000017 0.921875
0 0.3997642381656805 0.45165957840236687 0.3539432322485207 0.3403799926035503 0.29759615384615384 0.3635817307692308 0.3434171597633136 0.47486131656804736
0 0.41799508426966286 0.5412921348314608 0.38592872191011235 0.5338922050561798 0.38195224719101123 0.551123595505618 0.41401860955056174 0.5585235252808989
0 0.5519172297297297 0.038378378378378444 0.4803462837837838 0.02707770270270275 0.4788513513513514 0.036545608108108155 0.5504222972972973 0.04784628378378385
0 0.3312500000000001 0.990625 0.3187500000000001 0.990625 0.3187500000000001 0.9984375 0.3312500000000001 0.9984375
0 0.7840073529411764 0.4639705882352942 0.6917279411764706 0.4409007352941178 0.6818014705882354 0.48060661764705886 0.7740808823529413 0.5036764705882353
0 0.3003125 0.5821875 0.28781249999999997 0.5446875 0.27234375 0.54984375 0.28484374999999995 0.5873437499999999
0 0.6630489864864867 0.4342060810810812 0.6118665540540541 0.42567567567567577 0.6080658783783784 0.4484797297297298 0.6592483108108109 0.4570101351351353
0 0.6375000000000002 0.9984375 0.6140625000000002 0.9984375 0.6140625000000002 1 0.6375000000000002 1
0 0.26642736486486485 0.5251266891891893 0.2625 0.5015625000000001 0.22930743243243246 0.5070945945945946 0.23323479729729732 0.5306587837837838
0 0.07057692307692313 0.3760096153846154 0.05557692307692315 0.3741346153846154 0.051634615384615445 0.40567307692307686 0.06663461538461543 0.40754807692307693
0 0.4184715346534655 0.9855971534653468 0.39062500000000017 0.9828125000000003 0.3890625000000002 0.9984375000000002 0.4169090346534655 1.0012221534653467
0 0.4784355095541402 0.19775676751592358 0.47642914012738863 0.141578423566879 0.3603383757961784 0.14572452229299365 0.36234474522293 0.2019028662420382
0 0.8002667682926831 0.5913490853658537 0.7688643292682927 0.5520960365853659 0.7486661585365855 0.5682545731707318 0.7800685975609756 0.6075076219512197
0 0.5339395491803279 0.7561475409836067 0.4895235655737705 0.7191342213114755 0.4640368852459017 0.7497182377049182 0.5084528688524591 0.7867315573770494
0 0.2671875000000001 0.725 0.2500000000000001 0.725 0.2500000000000001 0.7421875 0.2671875000000001 0.7421875
0 0.465985576923077 0.48461538461538467 0.44425480769230763 0.4818990384615384 0.44185096153846154 0.5011298076923077 0.4635817307692308 0.5038461538461539
0 0.60390625 0.9289062500000002 0.57578125 0.9007812500000002 0.55546875 0.9210937500000002 0.58359375 0.9492187500000002
0 0.38763923267326733 0.02517017326732678 0.33302908415841587 0.01970915841584163 0.3315748762376238 0.03425123762376242 0.3861850247524753 0.039712252475247574
0 0.3925000000000001 0.9853125 0.3659975961538462 0.9646995192307692 0.35034855769230766 0.9848197115384615 0.37685096153846154 1.0054326923076924
0 0.5931783536585367 0.3332698170731708 0.5581935975609756 0.3293826219512196 0.555811737804878 0.3508193597560977 0.590796493902439 0.35470655487804886
0 0.625168918918919 0.9103885135135134 0.6202280405405406 0.8807432432432434 0.5890625 0.8859375000000002 0.5940033783783785 0.9155827702702701
0 0.6158124999999999 0.2018125000000001 0.5753437499999999 0.19603125000000005 0.57209375 0.21878125000000007 0.6125624999999999 0.22456250000000008
0 0.21181839186691312 0.8348688770794824 0.15049965341959332 0.805669477818854 0.1360010397412199 0.8361165665434381 0.1973197781885397 0.8653159658040664
0 0.632864932885906 0.4148804530201343 0.6008808724832215 0.3924916107382551 0.5866401006711409 0.4128355704697988 0.6186241610738253 0.435224412751678
0 0.658125 0.11781250000000007 0.5981249999999999 0.09781250000000005 0.5878125 0.12875000000000006 0.6478125 0.14875000000000008
0 0.4890625 0.07187500000000006 0.46875 0.07187500000000006 0.46875 0.09062500000000007 0.4890625 0.09062500000000007
0 0.16951650943396235 0.877004716981132 0.11193985849056616 0.8605542452830189 0.10321344339622654 0.8910966981132076 0.1607900943396227 0.9075471698113207
0 0.277195945945946 0.4459881756756757 0.27542229729729734 0.43534628378378376 0.2617398648648649 0.43762668918918923 0.2635135135135135 0.44826858108108114
0 0.71625 0.7528125000000001 0.6953125 0.7109375 0.6678124999999999 0.7246875 0.6887500000000001 0.7665625000000001
0 0.2978478773584907 0.678626179245283 0.2784492924528303 0.6730837264150944 0.2740271226415095 0.688561320754717 0.29342570754716996 0.6941037735849057