0 0.48125 0.5609375 0.43125 0.5609375 0.43125 0.61875 0.48125 0.61875
0 0.36814805327868855 0.014433913934426276 0.3339139344262295 0.011321721311475455 0.33086577868852457 0.044851434426229554 0.3650998975409836 0.04796362704918038
0 0.690625 0.5765625 0.6421875 0.5765625 0.6421875 0.6125 0.690625 0.6125
0 0.3859375000000001 0.659375 0.34843750000000007 0.659375 0.34843750000000007 0.6765625 0.3859375000000001 0.6765625
0 0.5921875 0.66875 0.5640625 0.66875 0.5640625 0.6796875 0.5921875 0.6796875
0 0.471875 0.17031250000000003 0.4375 0.17031250000000003 0.4375 0.22031250000000008 0.471875 0.22031250000000008
0 0.625 0.659375 0.609375 0.659375 0.609375 0.675 0.625 0.675
0 0.6019230769230769 0.19507211538461539 0.5853365384615385 0.17019230769230767 0.5467548076923077 0.19591346153846154 0.5633413461538461 0.22079326923076925
0 0.60546875 0.03671875000000004 0.5859375 0.0171875 0.55859375 0.04453125 0.578125 0.06406250000000005
0 0.4265625000000002 0.8453125 0.3468750000000001 0.8453125 0.3468750000000001 0.8828125 0.4265625000000002 0.8828125
0 0.6414238061797752 0.6498156601123595 0.636499297752809 0.6284761235955056 0.581153441011236 0.6412482443820224 0.5860779494382022 0.6625877808988763
0 0.475 5.673558999174847e-17 0.45 5.520478149281428e-17 0.45 0.03281250000000006 0.475 0.03281250000000006
0 0.43530405405405415 0.5586993243243243 0.43188344594594597 0.5381756756756757 0.3921030405405405 0.5448057432432434 0.3955236486486487 0.5653293918918919
0 0.2990384615384616 0.3469951923076923 0.27890625 0.34296875 0.275 0.3625 0.2951322115384616 0.3665264423076923
0 0.49222516875602695 0.2868114151398265 0.45211698408871737 0.23192653085824508 0.4181126446480231 0.2567758558341371 0.4582208293153326 0.3116607401157185
0 0.3918269230769231 0.5341346153846154 0.3885817307692308 0.5179086538461538 0.36213942307692304 0.5231971153846153 0.3653846153846153 0.5394230769230769
0 0.600179756637168 0.16136615044247793 0.594275442477876 0.15461836283185842 0.5774612831858407 0.1693307522123894 0.5833655973451327 0.17607853982300892
0 0.5080926724137931 0.5252370689655174 0.50625 0.503125 0.4788362068965516 0.5054094827586206 0.4806788793103447 0.5275215517241381
0 0.405881320224719 0.8172226123595505 0.3892029494382022 0.7905372191011237 0.3494557584269663 0.8153792134831461 0.3661341292134831 0.8420646067415731
0 0.6601562500000001 0.28828125 0.6563701923076923 0.2693509615384615 0.6037860576923078 0.2798677884615384 0.6075721153846155 0.2987980769230769
0 0.2867548076923077 0.18060096153846156 0.2749759615384616 0.17387019230769235 0.2658413461538462 0.18985576923076927 0.2776201923076923 0.19658653846153853
0 0.40626474056603773 0.7175265330188678 0.3982311320754717 0.7030660377358491 0.369310141509434 0.7191332547169812 0.37734375 0.73359375
0 0.04543918918918921 0.6945523648648649 0.0388935810810811 0.6853885135135135 0.025 0.6953125 0.031545608108108115 0.7044763513513514
0 0.6734375 0.22499999999999995 0.6534375000000001 0.18499999999999991 0.6346875000000001 0.19437499999999996 0.6546875 0.234375
0 0.6271875 0.5934375000000001 0.615625 0.5703125 0.599375 0.5784375 0.6109375000000001 0.6015625
0 0.53828125 0.08828125000000005 0.51875 0.06875000000000009 0.4875 0.10000000000000012 0.50703125 0.11953125000000006
0 0.4768042127071824 0.6717800414364642 0.47582872928176795 0.6532458563535912 0.3478936464088398 0.6599792817679557 0.34886912983425417 0.6785134668508287
0 0.503125 0.5375 0.484375 0.5375 0.484375 0.5515625 0.503125 0.5515625
0 0.30156250000000007 0.7078125000000001 0.2883868243243245 0.7056165540540541 0.2859375000000001 0.7203125000000001 0.29911317567567575 0.7225084459459461
0 0.43556249999999996 0.4333125 0.43259375 0.41253124999999996 0.38228124999999996 0.41971875000000003 0.38525 0.44049999999999995
0 0.4359375000000002 0.803125 0.4046875000000002 0.803125 0.4046875000000002 0.821875 0.4359375000000002 0.821875
0 0.38087665929203546 0.3975248893805311 0.368708517699115 0.3868777654867257 0.3484789823008849 0.4099972345132744 0.3606471238938054 0.4206443584070797
0 0.6640625 0.3281250000000001 0.6234375 0.3281250000000001 0.6234375 0.3703125000000001 0.6640625 0.3703125000000001
0 0.600272362385321 0.43319954128440374 0.596875 0.421875 0.5742259174311926 0.4286697247706422 0.5776232798165137 0.4399942660550459
0 0.6136782786885246 0.7339139344262297 0.5188652663934428 0.7252945696721314 0.5139600409836067 0.779252049180328 0.6087730532786886 0.7878714139344263
0 0.31328125000000007 0.6257812500000002 0.30000000000000004 0.6125000000000002 0.2796875000000001 0.6328125000000001 0.2929687500000001 0.6460937500000001
0 0.35755302346570395 0.47025609205776175 0.3483641696750902 0.4559623194945849 0.31875 0.475 0.3279388537906137 0.48929377256317685
0 0.5316271551724138 0.5360991379310345 0.5267780172413794 0.5239762931034483 0.5146551724137931 0.5288254310344829 0.5195043103448276 0.5409482758620691
0 0.403125 4.7646414529326714e-17 0.375 4.592425496802575e-17 0.375 0.020312500000000046 0.403125 0.02031250000000005
0 0.61875 0.1078125 0.6145192307692308 0.07396634615384617 0.5975961538461539 0.07608173076923078 0.6018269230769231 0.10992788461538461
0 0.41875 0.31406249999999997 0.4149999999999999 0.30281250000000004 0.4032812499999999 0.30671875000000004 0.40703125 0.3179687499999999
0 0.440625 0.575 0.41875 0.575 0.41875 0.5828125 0.440625 0.5828125
0 0.29714176829268296 0.5383384146341463 0.2951791158536586 0.5206745426829269 0.2583079268292683 0.5247713414634146 0.26027057926829267 0.5424352134146342
0 0.2609375000000001 0.69375 0.24375000000000008 0.69375 0.24375000000000008 0.7109375 0.2609375000000001 0.7109375
0 0.5121874999999999 0.32281249999999995 0.5067095588235293 0.29816176470588235 0.4727941176470588 0.3056985294117647 0.47827205882352936 0.3303492647058823
0 0.6440625 0.6353125000000001 0.5659375000000001 0.5962500000000001 0.5475000000000001 0.633125 0.625625 0.6721875
0 0.6421875000000001 0.8078125 0.6125000000000002 0.8078125 0.6125000000000002 0.828125 0.6421875000000001 0.828125
0 0.55 0.21093750000000008 0.521875 0.21093750000000008 0.521875 0.2296875000000001 0.55 0.2296875000000001
0 0.43218749999999995 0.7596875 0.42593749999999997 0.7471875 0.40093749999999995 0.7596875 0.4071874999999999 0.7721875
0 0.7125 0.3437500000000001 0.6875 0.3437500000000001 0.6875 0.3859375000000001 0.7125 0.3859375000000001
0 0.4809375 0.55875 0.4758639705882353 0.5359191176470588 0.4492279411764706 0.5418382352941176 0.4543014705882353 0.5646691176470588
0 0.48407134433962284 0.5616715801886794 0.4268425707547171 0.5591833726415095 0.42448702830188684 0.6133608490566038 0.4817158018867926 0.6158490566037736
0 0.6130990415335462 0.7618510383386582 0.6117012779552715 0.7269069488817891 0.514419428913738 0.7307982228434504 0.5158171924920127 0.7657423123003195
0 0.5484374999999999 0.04531250000000005 0.5375 0.023437500000000045 0.500625 0.041875000000000016 0.5115624999999999 0.06375000000000001
0 0.64175 0.25162500000000015 0.61675 0.23287500000000017 0.596875 0.2593750000000002 0.6218750000000001 0.2781250000000002
0 0.5609375 0.66875 0.51875 0.66875 0.51875 0.684375 0.5609375 0.684375
0 0.3703125 0.08125000000000004 0.3453125 0.08125000000000004 0.3453125 0.09687500000000004 0.3703125 0.09687500000000004
0 0.6484375 0.4296875000000001 0.638125 0.4090625 0.5962500000000001 0.43 0.6065625000000001 0.45062500000000005
0 0.6477702702702702 0.43900337837837833 0.6438555743243243 0.414210304054054 0.5738091216216217 0.42527027027027026 0.5777238175675675 0.45006334459459457
0 0.38389423076923074 0.5524038461538463 0.36153846153846153 0.5188701923076924 0.31250000000000006 0.5515625000000001 0.33485576923076926 0.5850961538461539
0 0.3812881097560975 0.1097179878048781 0.36500762195121944 0.07444359756097563 0.34330792682926825 0.08445884146341465 0.3595884146341463 0.11973323170731712
0 0.40937500000000016 0.7796875 0.3921875000000001 0.7796875 0.3921875000000001 0.7953125 0.40937500000000016 0.7953125
0 0.6 0.11718749999999997 0.595 0.10218749999999999 0.5795312499999999 0.10734374999999999 0.58453125 0.12234374999999997
0 0.4171875 0.13906250000000003 0.384375 0.13906250000000003 0.384375 0.15937500000000004 0.4171875 0.15937500000000004