0 0.38656250000000003 0.6503125000000002 0.3565625 0.6353125000000002 0.3440625 0.6603125000000001 0.3740625000000001 0.6753125000000001
0 0.6810096153846154 0.5496394230769232 0.6576923076923077 0.5146634615384615 0.6219951923076923 0.5384615384615385 0.6453125 0.5734375
0 0.565625 0.6375 0.5171875 0.6375 0.5171875 0.6703125 0.565625 0.6703125
0 0.4765625 0.2390625000000001 0.4203125 0.2390625000000001 0.4203125 0.2953125000000001 0.4765625 0.2953125000000001
0 0.4420258620689655 0.6894396551724139 0.39827586206896554 0.6706896551724139 0.38461745689655175 0.7025592672413794 0.42836745689655176 0.7213092672413793
0 0.3703125 0.21875000000000006 0.340625 0.21875 0.340625 0.26093750000000004 0.3703125 0.2609375000000001
0 0.49388338414634153 0.4050495426829269 0.38429878048780497 0.39287347560975616 0.36318597560975613 0.582888719512195 0.47277057926829275 0.5950647865853659
0 0.4921875 0.6359375 0.45625 0.6359375 0.45625 0.709375 0.4921875 0.709375
0 0.7824343861209964 0.5065224644128115 0.7361710409252669 0.4920651690391459 0.7301935053380783 0.5111932829181495 0.7764568505338078 0.525650578291815
0 0.4546875 0.578125 0.4265625 0.578125 0.4265625 0.6 0.4546875 0.6
0 0.5765625 0.4125 0.515625 0.4125 0.515625 0.465625 0.5765625 0.465625
0 0.2984375000000001 0.5296875 0.24968750000000012 0.5053125 0.20156250000000003 0.6015625000000002 0.25031250000000005 0.6259375000000001
0 0.31718750000000007 0.434375 0.2906250000000001 0.434375 0.2906250000000001 0.4578125 0.31718750000000007 0.4578125
0 0.36953125 0.34453125000000007 0.3484375 0.3234375000000001 0.30234375 0.3695312500000001 0.3234375 0.390625
0 0.5609375 0.04687500000000007 0.5421875 0.04687500000000007 0.5421875 0.057812500000000065 0.5609375 0.057812500000000065
0 0.6137558023872678 0.5461994363395225 0.6071410809018568 0.5147795092838197 0.5272131962864721 0.5316064323607427 0.5338279177718833 0.5630263594164455
0 0.35625000000000007 0.49687500000000007 0.34765624999999994 0.48828125 0.3203125 0.515625 0.32890625000000007 0.5242187500000002
0 0.4067835365853658 0.3829268292682927 0.3934756097560975 0.3540929878048781 0.3620655487804878 0.36858993902439025 0.3753734756097561 0.39742378048780486
0 0.3261764705882353 0.8131066176470588 0.3157720588235294 0.7662867647058824 0.29261029411764705 0.7714338235294117 0.30301470588235296 0.8182536764705883
0 0.35625000000000007 0.734375 0.3281250000000001 0.734375 0.3281250000000001 0.7640625 0.35625000000000007 0.7640625
0 0.3203125000000001 0.396875 0.2984375000000001 0.396875 0.2984375000000001 0.425 0.3203125000000001 0.425
0 0.29375000000000007 0.7125 0.27812500000000007 0.7125 0.27812500000000007 0.7359375 0.29375000000000007 0.7359375
0 0.4953125 0.5609375 0.4734375 0.5609375 0.4734375 0.58125 0.4953125 0.58125
0 0.6537740384615385 0.14612980769230782 0.6009374999999999 0.11593750000000005 0.5834374999999999 0.14656250000000004 0.6362740384615384 0.1767548076923078
0 0.459375 0.14062500000000006 0.4359375 0.14062500000000006 0.4359375 0.16093750000000004 0.459375 0.16093750000000004
0 0.831559902289631 0.6130607864226338 0.6875300787516406 0.45617115721160867 0.6373092733702785 0.5022755031354821 0.7813390969082687 0.6591651323465073
0 0.4288461538461538 0.6104567307692308 0.41730769230769227 0.5931490384615383 0.3953124999999999 0.6078124999999999 0.4068509615384615 0.6251201923076923
0 0.3732740384615384 0.6016201923076923 0.3645048076923077 0.5767740384615385 0.32625480769230764 0.5902740384615385 0.33502403846153844 0.6151201923076923
0 0.3849016853932584 0.8461551966292136 0.3612886235955056 0.8083742977528091 0.33853581460674154 0.8225948033707867 0.36214887640449434 0.8603757022471912
0 0.7786726804123714 0.7432989690721652 0.7312661082474227 0.7222293814432992 0.7143202319587629 0.7603576030927837 0.7617268041237115 0.7814271907216497
0 0.2927478448275863 0.5345258620689656 0.2711206896551724 0.5153017241379311 0.23370689655172408 0.5573922413793104 0.255334051724138 0.5766163793103448
0 0.4142733793836344 0.7548303002125397 0.39253785866099894 0.6917972901168968 0.36070835547290114 0.7027729808714134 0.38244387619553666 0.7658059909670563
0 0.5920520231213873 0.27353684971098274 0.5499006502890174 0.26705202312138737 0.5470285404624278 0.28572073699421974 0.5891799132947977 0.2922055635838151
0 0.4265625 0.628125 0.39531250000000007 0.628125 0.39531250000000007 0.653125 0.4265625 0.653125
0 0.8066510709571905 0.22292416862733844 0.6362324077527832 0.0795025213761047 0.5832400220934237 0.14246994433604962 0.7536586852978309 0.2858915915872834
0 0.7359375000000001 0.7390625000000001 0.7078125000000002 0.7390625 0.7078125000000002 0.7484375000000001 0.7359375000000001 0.7484375000000002