0 0.7875 0.6687500000000001 0.703125 0.66875 0.703125 0.7234375000000001 0.7875 0.7234375000000002
0 0.6390625 0.054687500000000076 0.6125 0.05468750000000007 0.6125 0.07500000000000007 0.6390625 0.07500000000000008
0 0.7061899038461539 0.7487379807692308 0.6839543269230769 0.7442908653846154 0.68125 0.7578125000000001 0.703485576923077 0.7622596153846155
0 0.3606250000000001 0.6100000000000001 0.34525000000000006 0.5895000000000001 0.30750000000000005 0.6178125000000001 0.32287500000000013 0.6383125000000001
0 0.6962858606557377 0.17210553278688523 0.6766905737704919 0.14859118852459016 0.6504098360655738 0.1704918032786885 0.6700051229508197 0.19400614754098355
0 0.5250000000000001 0.8109375 0.4437500000000002 0.8109375 0.4437500000000002 0.9328125 0.5250000000000001 0.9328125
0 0.49218750000000017 0.73125 0.4515625000000002 0.73125 0.4515625000000002 0.8078125 0.49218750000000017 0.8078125
0 0.5221403301886793 0.39360259433962275 0.49366155660377364 0.3854658018867925 0.49000589622641516 0.39826061320754724 0.5184846698113208 0.4063974056603774
0 0.8756669463087249 0.7187206375838928 0.8190897651006711 0.6880746644295304 0.8076656879194631 0.7091652684563761 0.8642428691275169 0.7398112416107384
0 0.55 0.18750000000000006 0.5171875 0.18750000000000006 0.5171875 0.20468750000000008 0.55 0.20468750000000008
0 0.5910746951219512 0.1343902439024391 0.5866615853658537 0.11379573170731708 0.5530487804878049 0.12099847560975607 0.5574618902439025 0.14159298780487808
0 0.6645876024590164 0.5620261270491803 0.6629482581967213 0.5439933401639344 0.6256147540983608 0.5473872950819672 0.6272540983606558 0.5654200819672132
0 0.5314786585365854 0.9208079268292684 0.49546493902439026 0.8919969512195124 0.4828125000000002 0.9078125 0.5188262195121952 0.9366234756097562
0 0.5468750000000002 0.8234375 0.5187500000000002 0.8234375 0.5187500000000002 0.8578125 0.5468750000000002 0.8578125
0 0.13586582568807343 0.4148222477064222 0.10146215596330277 0.40450114678899085 0.09535550458715598 0.4248566513761469 0.12975917431192666 0.43517775229357814
0 0.5733891752577319 0.32762564432989694 0.5390463917525773 0.314416881443299 0.5315157860824742 0.33399645618556706 0.5658585695876288 0.34720521907216495
0 0.49468749999999995 0.395 0.4666874999999999 0.391 0.46274999999999994 0.4185625 0.49074999999999996 0.42256250000000006
0 0.7156250000000002 0.8359375000000002 0.70546875 0.8257812500000001 0.68828125 0.8429687500000002 0.6984375 0.8531250000000001
0 0.5046875 0.014062500000000061 0.4875 0.014062500000000061 0.4875 0.02031250000000006 0.5046875 0.02031250000000006
0 0.5416487068965516 0.5091594827586208 0.5122844827586206 0.4974137931034483 0.5020474137931034 0.5230064655172415 0.5314116379310344 0.5347521551724139
0 0.88125 0.5515625000000002 0.8484375 0.5515625000000002 0.8484375 0.5828125000000002 0.88125 0.5828125000000002
0 0.8043103448275865 0.6045258620689657 0.7693965517241381 0.6016163793103451 0.7676508620689656 0.622564655172414 0.802564655172414 0.6254741379310347
0 0.5938652663934427 0.17939293032786882 0.5915087090163935 0.15347079918032785 0.560796618852459 0.15626280737704917 0.5631531762295082 0.18218493852459014
0 0.6201791158536585 0.6800495426829268 0.6182926829268293 0.6630716463414634 0.587595274390244 0.6664824695121951 0.5894817073170732 0.6834603658536585
0 0.6703125 0.571875 0.640625 0.571875 0.640625 0.5875 0.6703125 0.5875
0 0.3187500000000001 0.5171875 0.2656250000000001 0.5171875 0.2656250000000001 0.5484375 0.3187500000000001 0.5484375
0 0.3226216814159293 0.6012997787610621 0.2719026548672566 0.5433351769911505 0.25276548672566373 0.5600801991150443 0.30348451327433634 0.6180448008849557
0 0.8453125 0.5656250000000002 0.83125 0.5656250000000002 0.83125 0.5859375000000002 0.8453125 0.5859375000000002
0 0.2640625000000001 0.465625 0.2312500000000001 0.465625 0.2312500000000001 0.4828125 0.2640625000000001 0.4828125
0 0.22102461283185842 0.3205683075221239 0.18037195796460181 0.31785813053097345 0.17931415929203545 0.3337251106194691 0.21996681415929203 0.33643528761061947
0 0.17343750000000008 0.5734375 0.1625000000000001 0.5734375 0.1625000000000001 0.5859375 0.17343750000000008 0.5859375
0 0.631935975609756 0.2797637195121952 0.6235518292682926 0.26928353658536597 0.609451219512195 0.28056402439024397 0.6178353658536585 0.29104420731707326
0 0.7202043269230771 0.3453966346153846 0.6984134615384617 0.31737980769230767 0.6745072115384617 0.3359735576923077 0.6962980769230771 0.3639903846153846
0 0.7930843195266272 0.7090976331360946 0.7772928994082839 0.6707470414201183 0.7159948224852071 0.695987426035503 0.7317862426035504 0.7343380177514793
0 0.6934339887640449 0.7310568820224722 0.6797401685393258 0.7091467696629215 0.6638693820224719 0.7190660112359551 0.677563202247191 0.7409761235955059
0 0.7796875 0.3781250000000001 0.74375 0.3781250000000001 0.74375 0.4031250000000002 0.7796875 0.4031250000000002
0 0.53515625 0.2210937500000001 0.5171875 0.20312500000000008 0.4828125 0.2375000000000001 0.50078125 0.2554687500000001
0 0.7468879668049792 0.5430173755186722 0.7409751037344398 0.5208441390041494 0.7003241701244813 0.531684387966805 0.7062370331950207 0.5538576244813278
0 0.5674195544554455 0.2960705445544555 0.5493811881188118 0.2813118811881188 0.5282178217821781 0.3071782178217822 0.5462561881188118 0.3219368811881188
0 0.09843750000000004 0.3328125 0.07031250000000004 0.3328125 0.07031250000000004 0.35625 0.09843750000000004 0.35625
0 0.9051224226804123 0.6607442010309279 0.8998389175257732 0.6488563144329899 0.8779478092783505 0.6585856958762888 0.8832313144329896 0.6704735824742268
0 0.8658547794117647 0.4029871323529412 0.8564797794117647 0.38736213235294115 0.8470588235294118 0.3930147058823529 0.8564338235294118 0.4086397058823529
0 0.15312500000000004 0.39375 0.12500000000000006 0.39375 0.12500000000000006 0.4125 0.15312500000000004 0.4125
0 0.846875 0.6609375000000002 0.815625 0.6609375000000002 0.815625 0.6796875000000002 0.846875 0.6796875000000002
0 0.4445312500000001 0.40703125000000007 0.42265625 0.38515625000000003 0.4046874999999999 0.40312500000000007 0.4265625 0.42500000000000016
0 0.38309919724770636 0.807726490825688 0.3779386467889908 0.7905246559633027 0.34468176605504586 0.8005017201834862 0.34984231651376146 0.8177035550458716
0 0.6776336984536083 0.8428398840206185 0.6261195231958763 0.8230267396907216 0.6115415592783504 0.8609294458762887 0.6630557345360826 0.8807425902061856
0 0.5634221311475409 0.5617315573770492 0.5206352459016393 0.5430122950819672 0.507904713114754 0.572110655737705 0.5506915983606556 0.5908299180327868
0 0.22546875000000002 0.36734375 0.14671874999999995 0.34109375000000003 0.13296875 0.38234375 0.21171875000000004 0.40859375
0 0.6943509615384615 0.5358173076923076 0.6857572115384616 0.49284855769230773 0.6352764423076923 0.5029447115384615 0.6438701923076924 0.5459134615384615
0 0.7562500000000002 0.7828125000000001 0.6718750000000002 0.7828125 0.6718750000000002 0.815625 0.7562500000000002 0.815625
0 0.753720098499062 0.6205001172607882 0.7080734052532833 0.6165308395872422 0.7050715290806755 0.6510524155722328 0.750718222326454 0.6550216932457787
0 0.540379213483146 0.023981741573033753 0.5109374999999999 0.017187500000000057 0.5049332865168539 0.043205758426966355 0.5343749999999999 0.05000000000000006
0 0.6 0.13437500000000008 0.5875 0.13437500000000008 0.5875 0.1546875000000001 0.6 0.1546875000000001
0 0.7417279411764706 0.7590992647058823 0.7141544117647058 0.7425551470588235 0.7058823529411764 0.756341911764706 0.7334558823529411 0.7728860294117647
0 0.3312500000000001 0.70625 0.3031250000000001 0.70625 0.3031250000000001 0.7359375 0.3312500000000001 0.7359375
0 0.6921875 0.434375 0.6671875 0.434375 0.6671875 0.45 0.6921875 0.45
0 0.27031250000000007 0.3671875 0.2312500000000001 0.3671875 0.2312500000000001 0.3890625 0.27031250000000007 0.3890625
0 0.7821265243902438 0.7407012195121951 0.7806783536585366 0.7276676829268294 0.7604420731707318 0.7299161585365855 0.7618902439024391 0.7429496951219512
0 0.3418453467153285 0.7439096715328469 0.3167541058394162 0.7347855839416061 0.3115533759124089 0.7490875912408762 0.3366446167883212 0.758211678832117
0 0.48437500000000017 0.7875 0.4578125000000002 0.7875 0.4578125000000002 0.8078125 0.48437500000000017 0.8078125
0 0.442246462264151 0.6267688679245284 0.41717275943396237 0.612839033018868 0.41127653301886796 0.6234522405660379 0.43635023584905663 0.6373820754716982
0 0.8011029411764705 0.5762867647058824 0.7632169117647061 0.5678676470588235 0.7584742647058824 0.5892095588235294 0.796360294117647 0.5976286764705883
0 0.4203125000000002 0.828125 0.3890625000000001 0.828125 0.3890625000000001 0.8421875 0.4203125000000002 0.8421875
0 0.8046875 0.6531250000000002 0.7828125 0.6531250000000002 0.7828125 0.6734375000000001 0.8046875 0.6734375000000001
0 0.7668642241379311 0.5570043103448276 0.7595366379310345 0.5386853448275861 0.7336745689655173 0.5490301724137929 0.7410021551724139 0.5673491379310345
0 0.5342271959459459 0.2235430743243243 0.5231418918918919 0.20802364864864858 0.4986064189189189 0.22554898648648644 0.5096917229729729 0.24106841216216215
0 0.4835000000000001 0.15925000000000006 0.4769375000000001 0.15050000000000005 0.46918750000000015 0.15631250000000008 0.47575 0.16506250000000006
0 0.18593750000000003 0.5140625 0.15468750000000003 0.5140625 0.15468750000000006 0.553125 0.18593750000000006 0.553125