3 0.671875 0.3046875000000001 0.609375 0.3046875000000001 0.609375 0.3906250000000001 0.671875 0.3906250000000001
3 0.709375 0.39531250000000007 0.640625 0.39531250000000007 0.640625 0.471875 0.709375 0.471875
3 0.778125 0.43281250000000016 0.734375 0.43281250000000016 0.734375 0.49531250000000016 0.778125 0.49531250000000016
3 0.59375 0.3000000000000001 0.5375 0.3000000000000001 0.5375 0.37187500000000007 0.59375 0.37187500000000007
0 0.9625 0.4468750000000002 0.91875 0.4468750000000002 0.91875 0.4984375000000002 0.9625 0.4984375000000002
0 0.9796875 0.5171875000000001 0.9390625 0.5171875000000001 0.9390625 0.5843750000000002 0.9796875 0.5843750000000002
0 0.9140625 0.5578125000000002 0.803125 0.5578125000000002 0.803125 0.7281250000000001 0.9140625 0.7281250000000001
0 0.7171875000000001 0.5703125 0.615625 0.5703125 0.6156250000000001 0.7328125 0.7171875000000002 0.7328125
2 0.5671875 0.29375000000000007 0.384375 0.29375000000000007 0.384375 0.6171875 0.5671875 0.6171875
2 0.6921875 0.4953125 0.5375 0.4953125 0.5375 0.5828125 0.6921875 0.5828125
2 0.6390625 0.565625 0.55 0.565625 0.55 0.709375 0.6390625 0.709375
2 0.7453125 0.6015625000000001 0.696875 0.6015625 0.696875 0.6734375000000001 0.7453125 0.6734375000000001
0 0.4625000000000001 0.721875 0.3625000000000001 0.721875 0.3625000000000001 0.8484375 0.4625000000000002 0.8484375
3 0.3296875000000001 0.63125 0.2687500000000001 0.63125 0.2687500000000001 0.7484375 0.3296875000000001 0.7484375