0 0.478125 0.2156250000000001 0.3953125 0.2156250000000001 0.3953125 0.2796875000000001 0.478125 0.2796875000000001
0 0.36250877808988763 0.28232970505617977 0.3534497893258427 0.2430740870786517 0.3009568117977528 0.25518785112359554 0.3100158005617978 0.29444346910112357
0 0.7827842194570135 0.5181561085972851 0.7335548642533936 0.473402149321267 0.7159502262443438 0.4927672511312218 0.7651795814479637 0.5375212104072399
0 0.45078125 0.18203125000000003 0.4171875 0.14843750000000006 0.3921875 0.17343750000000008 0.42578125 0.20703125000000008
0 0.46937500000000004 0.47843750000000007 0.44260492700729925 0.45018020072992704 0.38565693430656933 0.5041309306569344 0.41242700729927007 0.5323882299270074
0 0.3854712159253945 0.6587630021520804 0.35171942252510763 0.6144637733142038 0.2693350968436155 0.6772327833572452 0.3030868902439024 0.7215320121951219
0 0.639375 0.42437500000000006 0.5968749999999999 0.403125 0.5790624999999999 0.43875000000000003 0.6215625 0.4600000000000001
0 0.3774759615384615 0.27918269230769227 0.3749759615384615 0.2591826923076923 0.3524759615384615 0.2619951923076923 0.3549759615384615 0.2819951923076923
0 0.6451600609756099 0.3970655487804879 0.6179115853658537 0.37526676829268296 0.6009908536585367 0.3964176829268293 0.6282393292682927 0.4182164634146342
0 0.7201286764705882 0.4397977941176472 0.6892463235294118 0.4320772058823531 0.6833639705882354 0.4556066176470589 0.7142463235294118 0.463327205882353
0 0.3265625000000001 0.7859375 0.2890625000000001 0.7859375 0.2890625000000001 0.80625 0.3265625000000001 0.80625
0 0.48071153846153836 0.3731201923076922 0.4784807692307692 0.3329663461538461 0.4198942307692307 0.3362211538461538 0.422125 0.37637499999999996
0 0.38537176724137934 0.4471174568965516 0.3794719827586207 0.4333512931034482 0.3625 0.440625 0.3683997844827586 0.4543911637931034
0 0.803125 0.3046875000000001 0.7625 0.3046875000000001 0.7625 0.3234375000000001 0.803125 0.3234375000000001
0 0.360423018292683 0.1999428353658537 0.30691692073170734 0.19399771341463418 0.30219131097560975 0.2365282012195123 0.3556974085365854 0.2424733231707318
0 0.6140625 0.459375 0.58125 0.459375 0.58125 0.503125 0.6140625 0.503125
0 0.5687037721893492 0.782701553254438 0.5097584189001044 0.7034937347720154 0.36883538548555517 0.808366689871215 0.42778073877479994 0.8875745083536375
0 0.6384206081081081 0.24739864864864872 0.6077871621621621 0.237972972972973 0.5932939189189189 0.2850760135135135 0.6239273648648649 0.29450168918918923
0 0.825 0.5062500000000002 0.7875 0.5062500000000002 0.7875 0.5453125000000002 0.825 0.5453125000000002
0 0.553125 0.590625 0.4984375 0.590625 0.4984375 0.63125 0.553125 0.63125
0 0.7549498175182483 0.30748175182481763 0.6849452554744525 0.28202554744525554 0.6716240875912408 0.3186587591240877 0.7416286496350366 0.34411496350364984
0 0.5327990687679083 0.3362016475644699 0.5206214183381089 0.29236210601719204 0.44132342406876796 0.31438932664756447 0.45350107449856736 0.35822886819484234
0 0.5031649361022363 0.06193590255591057 0.4615664936102236 0.023537340255591087 0.42340754792332264 0.06487619808306713 0.46500599041533547 0.10327476038338661
0 0.3578125 0.45 0.33281250000000007 0.4250000000000001 0.2890625000000001 0.46875000000000017 0.3140625 0.49375
0 0.6261824324324325 0.3054054054054055 0.5978040540540542 0.30067567567567577 0.5907516891891893 0.34298986486486505 0.6191300675675676 0.3477195945945948
0 0.7186401608910892 0.3306203589108912 0.6581172648514851 0.31695389851485156 0.6510782797029704 0.3481265470297031 0.7116011757425744 0.3617930074257427
0 0.8330818965517242 0.48135775862068975 0.743103448275862 0.44536637931034495 0.7287715517241379 0.48119612068965534 0.8187500000000002 0.5171875000000001
0 0.4926654411764705 0.25996323529411763 0.4765992647058823 0.18766544117647058 0.3629411764705882 0.21292279411764703 0.37900735294117643 0.2852205882352941
0 0.5625707547169811 0.20306014150943405 0.522090212264151 0.20130011792452834 0.5197553066037737 0.2550029481132076 0.5602358490566038 0.2567629716981133
0 0.23609867478510038 0.539107270773639 0.18637625358166193 0.5252954871060173 0.1797501790830946 0.5491493553008597 0.22947260028653305 0.5629611389684814
0 0.35768960674157313 0.7083216292134833 0.30673806179775287 0.7034691011235956 0.3044487359550563 0.7275070224719102 0.3554002808988765 0.7323595505617979
0 0.4674278846153846 0.5581730769230769 0.4513221153846153 0.534014423076923 0.4289663461538461 0.5489182692307691 0.44507211538461533 0.573076923076923
0 0.2531250000000001 0.890625 0.2234375000000001 0.890625 0.2234375000000001 0.9078125 0.2531250000000001 0.9078125
0 0.5560021551724138 0.44516163793103447 0.45889008620689664 0.4370689655172414 0.45546336206896554 0.4781896551724139 0.5525754310344828 0.486282327586207
0 0.5551185344827586 0.6698275862068965 0.5364762931034482 0.6232219827586205 0.4575431034482758 0.6547952586206895 0.47618534482758623 0.7014008620689656
0 0.37296875000000007 0.8435937499999999 0.31718750000000007 0.825 0.2990625000000001 0.8793749999999999 0.35484375000000007 0.8979687499999999
0 0.5536105103806228 0.16657439446366787 0.5456060769896194 0.11943717560553635 0.44792171280276827 0.1360250865051903 0.4559261461937717 0.18316230536332181
0 0.6520493323442137 0.36388631305637986 0.6408243694362017 0.34393082344213655 0.6041774851632047 0.3645446958456973 0.6154024480712167 0.38450018545994064
0 0.6453374999999999 0.17642500000000005 0.6116499999999999 0.17030000000000006 0.6078749999999999 0.19106250000000008 0.6415624999999999 0.19718750000000007