3 0.1984375000000001 0.625 0.1468750000000001 0.625 0.1468750000000001 0.6640625 0.1984375000000001 0.6640625
3 0.2640625000000001 0.5171875 0.19531250000000006 0.5171875 0.19531250000000006 0.5875 0.2640625000000001 0.5875
3 0.17359518348623854 0.7338589449541286 0.1643922018348624 0.7031823394495413 0.11880733944954129 0.7168577981651376 0.12801032110091745 0.7475344036697249
3 0.3375000000000001 0.5578125 0.3031250000000001 0.5578125 0.3031250000000001 0.5890625 0.3375000000000001 0.5890625
3 0.801325641809291 0.8942542787286063 0.7984031173594132 0.874770782396088 0.7566091075794621 0.8810398838630806 0.7595316320293397 0.900523380195599
3 0.1117647058823529 0.7126838235294117 0.10735294117647057 0.6950367647058824 0.08786764705882351 0.6999080882352942 0.09227941176470585 0.7175551470588235
3 0.08999630177514792 0.280991124260355 0.07617418639053253 0.24781804733727805 0.04244637573964495 0.2618713017751479 0.05626849112426034 0.29504437869822486
3 0.1371778350515465 0.5069748711340207 0.09861469072164952 0.48983569587628867 0.08669458762886602 0.5166559278350517 0.12525773195876297 0.5337951030927836
3 0.4828125 5.72139676476654e-17 0.4515625 5.5300457023997667e-17 0.4515625 0.015625000000000056 0.4828125 0.01562500000000006
3 0.6186637931034482 0.3911530172413794 0.6167133620689655 0.36774784482758627 0.5608512931034482 0.3724030172413794 0.562801724137931 0.3958081896551725
3 0.6754595588235293 0.29715073529411756 0.6677389705882352 0.26626838235294115 0.6486213235294117 0.271047794117647 0.6563419117647058 0.3019301470588235
3 0.7550000000000001 0.8646874999999999 0.7459374999999999 0.8465624999999999 0.7159375 0.8615625 0.7250000000000001 0.8796875
3 0.42047402763561925 0.524920035823951 0.3591463024564995 0.517006780962129 0.3539710209825998 0.5571152123848517 0.4152987461617196 0.5650284672466735
3 0.7176470588235293 0.5377757352941176 0.7118566176470588 0.5146139705882352 0.6692095588235294 0.5252757352941175 0.6749999999999999 0.5484375
3 0.8546875 0.6390625000000002 0.8296875 0.6390625000000002 0.8296875 0.6734375000000001 0.8546875 0.6734375000000001
3 0.5835661764705881 0.21051470588235296 0.5660294117647058 0.1900551470588235 0.522922794117647 0.2270036764705882 0.5404595588235294 0.24746323529411765
3 0.07187500000000005 0.396875 0.05468750000000004 0.396875 0.05468750000000004 0.4453125 0.07187500000000005 0.4453125
3 0.3609072214372225 0.10895488494146148 0.27376930258377064 0.07296313584981835 0.24880399677028658 0.13340545518772712 0.33594191562373843 0.16939720427937024
3 0.018673780487804888 0.404001524390244 0.016939786585365862 0.3883955792682927 0.010766006097560976 0.3890815548780488 0.0125 0.4046875000000001
3 0.7394893292682927 0.6875914634146343 0.7148818597560975 0.649561737804878 0.6788605182926828 0.6728696646341463 0.703467987804878 0.7108993902439025
3 0.7769999999999999 0.660875 0.773625 0.63725 0.7303124999999999 0.6434375 0.7336874999999999 0.6670625
3 0.5717095588235294 0.3124632352941177 0.5502849264705881 0.27879595588235295 0.5154044117647057 0.30099264705882356 0.536829044117647 0.3346599264705883
3 0.5998798076923076 0.2662259615384615 0.5823317307692308 0.23990384615384616 0.5405048076923077 0.2677884615384616 0.5580528846153846 0.2941105769230769
3 0.12596153846153846 0.2670673076923077 0.11658653846153846 0.2530048076923077 0.09387019230769231 0.2681490384615385 0.10324519230769232 0.28221153846153846
3 0.4928066037735849 0.5966981132075472 0.48378537735849053 0.565123820754717 0.4433372641509433 0.5766804245283019 0.45235849056603766 0.6082547169811321
3 0.20921945701357467 0.617689479638009 0.19893240950226249 0.588885746606335 0.1522129524886878 0.605571266968326 0.1625 0.6343750000000001
3 0.38640624999999995 0.9545312499999998 0.38078124999999996 0.9376562499999999 0.34984375 0.9479687499999999 0.35546874999999994 0.9648437499999998
3 0.6002286585365854 0.3495045731707318 0.5649009146341464 0.345579268292683 0.5624809451219513 0.3673589939024391 0.5978086890243903 0.3712842987804879
3 0.4048814655172415 0.8851724137931039 0.37863146551724153 0.8829849137931036 0.3776293103448278 0.8950107758620689 0.40387931034482766 0.897198275862069
3 0.4733915441176471 0.7650275735294118 0.46580882352941166 0.7523897058823528 0.44420955882352936 0.7653492647058822 0.45179227941176475 0.7779871323529411
3 0.79359375 0.4776562499999999 0.7846875 0.45093749999999994 0.7640624999999999 0.4578125 0.7729687499999999 0.48453124999999997
3 0.6770220588235295 0.3487132352941176 0.6701286764705884 0.32113970588235297 0.6098345588235295 0.33621323529411773 0.6167279411764707 0.3637867647058823
3 0.20899784482758615 0.7842133620689655 0.19671336206896553 0.7535021551724139 0.1360991379310345 0.7777478448275863 0.14838362068965513 0.8084590517241379
3 0.18545353982300888 0.5427405973451329 0.16897123893805305 0.5283185840707965 0.1460315265486726 0.5545353982300885 0.1625138274336284 0.5689574115044248
3 0.28551520270270275 0.4787162162162163 0.2286402027027028 0.46121621621621633 0.22005912162162175 0.48910472972972985 0.27693412162162173 0.5066047297297299
3 0.5332010135135136 0.707956081081081 0.5171874999999999 0.6859374999999999 0.47315033783783766 0.717964527027027 0.4891638513513513 0.7399831081081081
3 0.20211397058823533 0.36654411764705885 0.14733455882352944 0.35284926470588235 0.1397977941176471 0.3829963235294118 0.19457720588235297 0.3966911764705883
3 0.31747585836909875 0.40847639484978543 0.26325777896995717 0.3955673283261803 0.2554285139484979 0.4284502414163091 0.3096465933476395 0.4413593079399142
3 0.48984375 0.43828125000000007 0.48125 0.4296875000000001 0.4664062500000001 0.4445312500000001 0.4750000000000001 0.4531250000000001
3 0.4841687817258883 0.5153870558375635 0.4403077411167512 0.5122541243654822 0.43814244923857865 0.5425682106598985 0.48200348984771574 0.5457011421319797
3 0.8566826923076922 0.7972115384615386 0.8511778846153846 0.7531730769230769 0.8134855769230768 0.7578846153846153 0.8189903846153845 0.801923076923077
3 0.2484375 0.234375 0.2015625 0.234375 0.2015625 0.259375 0.2484375 0.259375
3 0.45952396044624744 0.7500507099391481 0.4563957910750506 0.7271108012170386 0.3955248478701826 0.7354113843813389 0.39865301724137936 0.7583512931034484
3 0.44671874999999994 0.8010937499999999 0.44203125 0.7870312499999998 0.41671874999999997 0.7954687499999998 0.42140625 0.8095312499999998
3 0.66875 0.2390625000000001 0.65 0.2390625000000001 0.65 0.26250000000000007 0.66875 0.26250000000000007
3 0.26953125 0.53984375 0.20843211206896556 0.5136584051724139 0.1947737068965518 0.5455280172413793 0.2558728448275862 0.5717133620689655
3 0.3781250000000001 0.8578125 0.3265625000000001 0.8578125 0.3265625000000001 0.8890625 0.3781250000000001 0.8890625
3 0.20328663793103446 0.6519396551724139 0.1890625 0.61875 0.14304956896551724 0.638469827586207 0.1572737068965517 0.6716594827586208
3 0.47781250000000003 0.9350000000000002 0.473125 0.9287500000000002 0.453125 0.9437500000000002 0.4578125 0.9500000000000002
3 0.5751838235294118 0.132077205882353 0.534375 0.12187500000000004 0.5254595588235295 0.15753676470588243 0.5662683823529412 0.16773897058823536
3 0.19531250000000006 0.5109375 0.17578125 0.49140625 0.14765625000000002 0.51953125 0.16718750000000007 0.5390625