1 0.603125 0.453125 0.4734375 0.453125 0.4734375 0.5546875 0.603125 0.5546875
1 0.2328125000000001 0.6828125 0.11875000000000009 0.6828125 0.11875000000000009 0.871875 0.2328125000000001 0.871875
1 0.8890625 0.6437500000000002 0.80625 0.6437500000000002 0.80625 0.7015625000000002 0.8890625 0.7015625000000002
1 0.75625 0.5296875000000001 0.6875 0.5296875 0.6875 0.5984375000000001 0.75625 0.5984375000000002
2 0.6921875 0.3453125000000001 0.6375 0.3453125000000001 0.6375 0.3890625000000001 0.6921875 0.3890625000000001
1 0.4625 0.2968750000000001 0.4015625 0.2968750000000001 0.4015625 0.34843750000000007 0.4625 0.34843750000000007
0 0.13750000000000007 0.5359375 0.10156250000000004 0.5359375 0.10156250000000007 0.56875 0.1375000000000001 0.56875
3 0.5203125 0.6515625 0.459375 0.6515625 0.459375 0.6953125 0.5203125 0.6953125
3 0.24218750000000008 0.5984375 0.1765625000000001 0.5984375 0.1765625000000001 0.65625 0.24218750000000008 0.65625
3 0.434375 0.3890625000000001 0.3765625000000001 0.3890625000000001 0.3765625000000001 0.446875 0.434375 0.446875
3 0.365625 0.24843750000000003 0.3140625 0.2484375 0.3140625 0.28906250000000006 0.365625 0.2890625000000001
3 0.6015625000000001 0.675 0.559375 0.675 0.5593750000000001 0.73125 0.6015625000000002 0.73125
3 0.3125 0.13125000000000003 0.2734375 0.13125000000000003 0.2734375 0.15937500000000004 0.3125 0.15937500000000004
3 0.384375 0.09531250000000005 0.3296875 0.09531250000000005 0.3296875 0.14843750000000006 0.384375 0.14843750000000006