3 0.6186285187667562 0.8108034517426275 0.6015122319034854 0.8041471179624665 0.5796665549597856 0.8603217158176945 0.5967828418230564 0.8669780495978554
3 0.1633549528301887 0.33841391509433966 0.14758254716981134 0.3100235849056604 0.11375294811320757 0.3288178066037736 0.12952535377358493 0.35720813679245284
3 0.3345263840830451 0.5879974048442907 0.2781628460207613 0.5579368512110727 0.23352616782006924 0.6416306228373703 0.289889705882353 0.6716911764705882
3 0.309375 0.284375 0.2671875 0.284375 0.2671875 0.3109375 0.309375 0.3109375
3 0.6140625 0.03281250000000008 0.584375 0.03281250000000007 0.584375 0.04843750000000007 0.6140625 0.04843750000000008
3 0.09762414383561646 0.6139768835616437 0.09332191780821923 0.6025042808219179 0.06883561643835623 0.6116866438356166 0.07313784246575346 0.6231592465753424
3 0.38062499999999994 0.13875 0.3525 0.12468750000000006 0.3403125 0.14906250000000007 0.3684375 0.16312500000000005
3 0.3872215346534654 0.2746596534653466 0.3417388613861387 0.2701113861386139 0.3396349009900991 0.29115099009900997 0.3851175742574259 0.29569925742574266
3 0.2375 0.19062500000000004 0.2 0.19062500000000004 0.2 0.2171875 0.2375 0.2171875
3 0.40648506637168136 0.24491150442477885 0.3953539823008849 0.2321902654867257 0.3734513274336283 0.25135508849557525 0.38458241150442474 0.2640763274336284
3 0.635625 0.08531250000000004 0.63 0.0740625 0.605 0.08656250000000001 0.610625 0.09781250000000004
3 0.39637551229508194 0.19299436475409842 0.30564805327868855 0.18474641393442628 0.30303534836065577 0.21348616803278694 0.39376280737704916 0.22173411885245908
3 0.5239182692307693 0.4819711538461539 0.5027644230769232 0.4502403846153847 0.433173076923077 0.4966346153846155 0.4543269230769232 0.5283653846153847
3 0.10251024590163935 0.4885502049180328 0.10110143442622951 0.4730532786885246 0.07067110655737704 0.4758196721311475 0.07207991803278688 0.4913165983606557
3 0.35625 0.051562500000000046 0.315625 0.051562500000000046 0.315625 0.06562500000000004 0.35625 0.06562500000000004
3 0.80796875 0.12234374999999997 0.7948437500000001 0.08296875 0.73015625 0.10453125000000005 0.7432812499999999 0.14390625000000004
3 0.6968606651376147 0.30828555045871553 0.6920871559633028 0.2923738532110091 0.6629873853211009 0.30110378440366964 0.6677608944954129 0.31701548165137605
3 0.45658653846153846 0.3636298076923077 0.4527644230769231 0.33305288461538457 0.42680288461538457 0.3362980769230769 0.4306249999999999 0.366875
3 0.3375 0.2796875 0.26875 0.2796875 0.26875 0.31875 0.3375 0.31875
3 0.580784761235955 0.15722436797752815 0.5570488061797753 0.1517468398876405 0.553125 0.16875000000000007 0.5768609550561797 0.1742275280898877
3 0.33203125000000006 0.5539062500000002 0.31640625000000006 0.5382812500000002 0.28984375 0.5648437500000002 0.30546875 0.5804687500000002
3 0.19531250000000006 0.3171875 0.16562500000000005 0.3171875 0.16562500000000005 0.34375 0.19531250000000006 0.34375
3 0.5119664634146341 0.3561356707317073 0.5094131097560975 0.333155487804878 0.47751524390243905 0.3366996951219512 0.48006859756097564 0.3596798780487805
3 0.1765625 0.2109375 0.16687500000000002 0.19156250000000002 0.12562500000000001 0.21218750000000003 0.1353125 0.23156249999999998
3 0.7401562499999998 0.40609375000000003 0.7157812499999998 0.3979687500000001 0.7065624999999999 0.42562500000000003 0.7309374999999999 0.43375
3 0.6122716346153846 0.07989182692307698 0.6083052884615384 0.06534855769230777 0.579483173076923 0.0732091346153847 0.583449519230769 0.0877524038461539
3 0.34008620689655167 0.15334051724137931 0.3332974137931034 0.13636853448275862 0.28938577586206893 0.15393318965517241 0.29617456896551725 0.1709051724137931
3 0.5484375 0.17656250000000007 0.5203125 0.17656250000000004 0.5203125 0.19062500000000004 0.5484375 0.19062500000000007
3 0.3031250000000001 0.809375 0.23593750000000008 0.809375 0.23593750000000008 0.8484375 0.3031250000000001 0.8484375
3 0.11955445544554462 0.29976794554455444 0.08923267326732678 0.2967357673267327 0.08647896039603964 0.32427289603960396 0.11680074257425747 0.3273050742574258
3 0.5227407094594595 0.0330869932432432 0.5168285472972973 0.024809966216216228 0.49672719594594594 0.03916807432432434 0.5026393581081081 0.04744510135135131
3 0.8875 0.009375000000000107 0.84375 0.009375000000000104 0.84375 0.0265625000000001 0.8875 0.026562500000000107
3 0.49906249999999996 0.2075000000000001 0.4828124999999999 0.19531250000000006 0.4704374999999999 0.21181250000000004 0.48668749999999994 0.22400000000000012
3 0.83125 0.4046875000000002 0.75625 0.4046875000000002 0.75625 0.4578125000000002 0.83125 0.4578125000000002
3 0.3610237068965518 0.3786530172413794 0.28718750000000004 0.3725000000000001 0.2852047413793104 0.39629310344827595 0.35904094827586214 0.4024461206896553
3 0.15781250000000005 0.2734375 0.12031250000000004 0.2734375 0.12031250000000004 0.296875 0.15781250000000005 0.296875
3 0.46015625 0.19609375000000004 0.42056249999999995 0.19043750000000004 0.4153124999999999 0.22718750000000004 0.45490624999999996 0.23284375000000007
3 0.6648665450928382 0.6374129641909814 0.659660974801061 0.6126865053050399 0.6074519230769231 0.6236778846153845 0.6126574933687003 0.6484043435013263
3 0.3946551724137931 0.10148706896551726 0.39325431034482755 0.08467672413793106 0.3472198275862069 0.0885129310344828 0.34862068965517234 0.105323275862069
3 0.49495192307692315 0.2513221153846154 0.4920072115384616 0.23659855769230767 0.46947115384615384 0.2411057692307692 0.47241586538461533 0.25582932692307697
3 0.2984375 0.18906250000000005 0.2703125 0.18906250000000005 0.2703125 0.2015625 0.2984375 0.2015625
3 0.16400240384615383 0.49813701923076925 0.15889423076923076 0.47259615384615394 0.10961538461538463 0.4824519230769231 0.11472355769230769 0.5079927884615384
3 0.3466655927835052 0.2844555412371135 0.3191204896907217 0.27221327319587635 0.3020457474226805 0.31063144329896913 0.329590850515464 0.32287371134020626
3 0.09885670731707326 0.6852896341463415 0.06678734756097571 0.6817263719512195 0.06324314024390253 0.713624237804878 0.09531250000000008 0.7171875
3 0.9357234589041095 0.2026541095890412 0.9148330479452055 0.1948202054794522 0.9080265410958905 0.21297089041095907 0.9289169520547945 0.22080479452054808
3 0.8460937499999999 0.31484375000000003 0.8165624999999999 0.30500000000000005 0.80765625 0.3317187500000001 0.8371875 0.34156250000000005
3 0.3234375 0.34375 0.2890625 0.34375 0.28906250000000006 0.3640625 0.32343750000000004 0.3640625
3 0.41171875 0.11015625000000007 0.39375 0.09218750000000006 0.37109375 0.11484375000000006 0.3890625 0.13281250000000006
3 0.4019136235955056 0.172436797752809 0.3617450842696629 0.16316713483146073 0.35624122191011237 0.1870172050561798 0.39640976123595506 0.19628686797752812