0 0.515625 0.490625 0.45625 0.490625 0.45625 0.5546875 0.515625 0.5546875
0 0.6296875 0.25468750000000007 0.5703125 0.25468750000000007 0.5703125 0.2921875000000001 0.6296875 0.2921875000000001
0 0.771875 0.22812500000000008 0.7203125 0.22812500000000008 0.7203125 0.2562500000000001 0.771875 0.2562500000000001
0 0.725 0.050000000000000086 0.696875 0.050000000000000086 0.696875 0.08593750000000008 0.725 0.08593750000000008
0 0.740625 0.1593750000000001 0.6859375 0.1593750000000001 0.6859375 0.1828125000000001 0.740625 0.1828125000000001
0 0.3984375000000001 0.7734375 0.3343750000000001 0.7734375 0.3343750000000001 0.81875 0.3984375000000001 0.81875
0 0.2687500000000001 0.853125 0.2312500000000001 0.853125 0.2312500000000001 0.8921875 0.2687500000000001 0.8921875
0 0.41406250000000017 0.875 0.3671875000000001 0.875 0.3671875000000001 0.903125 0.41406250000000017 0.903125
0 0.5593750000000001 0.6984375 0.5171875 0.6984375 0.5171875000000001 0.740625 0.5593750000000002 0.740625
0 0.5093750000000001 0.8359375 0.4750000000000002 0.8359375 0.4750000000000002 0.865625 0.5093750000000001 0.865625
0 0.440625 0.553125 0.3500000000000001 0.553125 0.3500000000000001 0.609375 0.440625 0.609375
0 0.615625 0.6234375 0.58125 0.6234375 0.58125 0.653125 0.615625 0.653125
0 0.63125 0.3312500000000001 0.5828125 0.3312500000000001 0.5828125 0.3609375000000001 0.63125 0.3609375000000001
0 0.6765625 0.440625 0.63125 0.440625 0.63125 0.48125 0.6765625 0.48125