1 0.5015625 0.33437500000000003 0.3515625 0.334375 0.35156250000000006 0.4609375 0.5015625 0.4609375
1 0.6203125 0.584375 0.5328125 0.584375 0.5328125000000001 0.75 0.6203125000000002 0.75
1 0.19062500000000004 0.440625 0.12343750000000005 0.440625 0.12343750000000005 0.5125 0.19062500000000004 0.5125
0 0.215625 0.509375 0.1621875 0.4025 0.1053125 0.43093750000000003 0.15875 0.5378125
0 0.4765625 0.5625 0.4328125 0.5625 0.4328125 0.628125 0.4765625 0.628125
0 0.1218750000000001 0.5796875 0.10312500000000009 0.5796875 0.10312500000000009 0.6015625 0.1218750000000001 0.6015625
0 0.3468750000000001 0.7203125 0.3312500000000001 0.7203125 0.3312500000000001 0.7640625 0.3468750000000001 0.7640625
0 0.6859375 0.28593750000000007 0.6703125 0.28593750000000007 0.6703125 0.3203125000000001 0.6859375 0.3203125000000001
0 0.2110817307692308 0.6136538461538462 0.15948317307692314 0.5735216346153847 0.10866586538461553 0.6388581730769232 0.16026442307692318 0.6789903846153846
0 0.2671875000000001 0.665625 0.2453125000000001 0.665625 0.2453125000000001 0.7 0.2671875000000001 0.7
0 0.6968750000000001 0.75625 0.6828125000000002 0.75625 0.6828125000000002 0.778125 0.6968750000000001 0.778125
0 0.6609375 0.19531250000000008 0.5828125 0.19531250000000008 0.5828125 0.2656250000000001 0.6609375 0.2656250000000001
0 0.2317120622568094 0.6035445038910505 0.21284046692607012 0.6023650291828793 0.21065175097276273 0.6373844844357976 0.22952334630350202 0.6385639591439689
0 0.5298870668316833 0.4468394183168316 0.449743193069307 0.26805693069306924 0.31295327970297027 0.3293765470297029 0.39309715346534657 0.5081590346534652
0 0.7296875 0.6484375000000001 0.7109375 0.6484375 0.7109375 0.6828125 0.7296875 0.6828125
0 0.6359375 0.2765625000000001 0.5953125 0.2765625000000001 0.5953125 0.3468750000000001 0.6359375 0.3468750000000001
0 0.6609375 0.5390625 0.6484375 0.5390625 0.6484375 0.578125 0.6609375 0.578125
0 0.684375 0.4078125 0.6625 0.4078125 0.6625 0.4609375 0.684375 0.4609375
0 0.23593750000000008 0.6390625 0.2234375000000001 0.6390625 0.2234375000000001 0.66875 0.23593750000000008 0.66875