0 0.1984375000000001 0.7953125 0.10781250000000009 0.7953125 0.10781250000000012 0.909375 0.19843750000000013 0.909375
0 0.24860723350253808 0.5548762690355331 0.22368337563451773 0.5128172588832488 0.1563546954314721 0.5527157360406092 0.18127855329949244 0.5947747461928936
0 0.4597533783783783 0.2571672297297297 0.4461672297297297 0.24293412162162165 0.39911993243243243 0.2878429054054054 0.4127060810810811 0.30207601351351354
0 0.5459215255591054 0.29727436102236426 0.5203424520766773 0.2695636980830671 0.46102735623003194 0.32431609424920127 0.48660642971246004 0.3520267571884984
0 0.1683189655172414 0.48954741379310346 0.1536637931034483 0.45290948275862075 0.0785021551724138 0.4829741379310345 0.0931573275862069 0.5196120689655173
0 0.0861936475409837 0.5878073770491805 0.0725281762295083 0.58656506147541 0.0699154713114755 0.6153048155737706 0.0835809426229509 0.6165471311475412
0 0.1765625000000001 0.796875 0.1359375000000001 0.796875 0.1359375000000001 0.8328125 0.1765625000000001 0.8328125
0 0.2075457317073171 0.8804115853658537 0.15209603658536594 0.8360518292682928 0.1328887195121952 0.8600609756097561 0.18833841463414633 0.9044207317073173
0 0.4426047848664689 0.3289456602373888 0.42546828635014844 0.31930637982195853 0.4010571216617211 0.36270400593471813 0.41819362017804157 0.37234328635014846
0 0.3703125000000001 0.30937500000000007 0.3501562500000001 0.30265625000000007 0.3307812500000001 0.3607812500000001 0.3509375 0.36750000000000005
0 0.200052432885906 0.9538695469798657 0.17149748322147648 0.9130767617449665 0.15010486577181203 0.9280515939597315 0.17865981543624154 0.9688443791946308
0 0.009375000000000067 0.5453125 6.678152076600411e-17 0.5453125 6.821665373375491e-17 0.56875 0.009375000000000067 0.56875
0 0.6265625 0.042187500000000086 0.5939385775862068 0.028205818965517306 0.5679148706896551 0.08892780172413797 0.6005387931034483 0.10290948275862075
1 0.6781250000000001 0.6015625 0.590625 0.6015625 0.5906250000000001 0.7515625 0.6781250000000002 0.7515625
1 0.7265625 0.2171875000000001 0.603125 0.2171875000000001 0.603125 0.3546875000000001 0.7265625 0.3546875000000001