2 0.521875 0.20312500000000008 0.4484375 0.20312500000000008 0.4484375 0.2578125000000001 0.521875 0.2578125000000001
2 0.4265625 0.15312500000000004 0.34375 0.15312500000000004 0.34375 0.20156250000000003 0.4265625 0.2015625000000001
2 0.6203125 0.1609375000000001 0.5765625 0.1609375000000001 0.5765625 0.1937500000000001 0.6203125 0.1937500000000001
2 0.7625 0.3453125000000001 0.734375 0.3453125000000001 0.734375 0.3656250000000001 0.7625 0.3656250000000001
2 0.5875 0.2906250000000001 0.559375 0.2906250000000001 0.559375 0.3109375000000001 0.5875 0.3109375000000001
2 0.2109375 0.2421875 0.15468750000000003 0.2421875 0.15468750000000003 0.28125 0.2109375 0.28125
2 0.3546875 0.06718750000000004 0.3046875 0.06718750000000004 0.3046875 0.09687500000000004 0.3546875 0.09687500000000004
2 0.3515625 0.2921875 0.303125 0.2921875 0.303125 0.334375 0.3515625 0.334375
2 0.490625 0.3968750000000001 0.446875 0.3968750000000001 0.446875 0.434375 0.490625 0.434375
2 0.8546875 0.6281250000000002 0.815625 0.6281250000000002 0.815625 0.6515625000000002 0.8546875 0.6515625000000002
1 0.8421875 0.4750000000000001 0.3968750000000001 0.475 0.3968750000000001 0.946875 0.8421875 0.946875
1 0.475 0.4609375 0.3312500000000001 0.4609375 0.3312500000000001 0.55 0.475 0.55
1 0.5921875000000002 0.884375 0.3984375000000001 0.884375 0.3984375000000001 1 0.5921875000000002 1
2 0.9328125 0.4156250000000002 0.8796875 0.4156250000000002 0.8796875 0.46875000000000017 0.9328125 0.46875000000000017