0 0.5890625 0.3781250000000001 0.4140625 0.3781250000000001 0.4140625 0.4609375 0.5890625 0.4609375
1 0.13593750000000004 0.21875 0.04531250000000002 0.21875 0.045312500000000026 0.315625 0.13593750000000004 0.315625
1 0.07031250000000001 0.08125 0.00781250000000001 0.08125 0.007812500000000016 0.159375 0.07031250000000003 0.159375
1 0.6468750000000001 0.6734375 0.5625 0.6734375 0.5625000000000001 0.81875 0.6468750000000002 0.81875
1 0.2890625000000001 0.83125 0.2218750000000001 0.83125 0.2218750000000001 0.9375 0.2890625000000001 0.9375
1 0.5328125000000001 0.884375 0.4203125000000002 0.884375 0.4203125000000002 0.9796875 0.5328125000000001 0.9796875
3 0.3890625 0.034375000000000044 0.31875 0.034375000000000044 0.31875 0.06875000000000005 0.3890625 0.06875000000000005
3 0.21093750000000008 0.6375 0.1468750000000001 0.6375 0.1468750000000001 0.6625 0.21093750000000008 0.6625
3 0.24218750000000008 0.5984375 0.21250000000000008 0.5984375 0.21250000000000008 0.6265625 0.24218750000000008 0.6265625
0 0.6953125 0.528125 0.446875 0.528125 0.446875 0.6375 0.6953125 0.6375
0 0.715625 0.07031250000000008 0.53125 0.07031250000000007 0.53125 0.2453125000000001 0.715625 0.2453125000000001