0 0.615625 0.3359375000000001 0.421875 0.3359375000000001 0.421875 0.471875 0.615625 0.471875
1 0.2328125 0.08906250000000002 0.115625 0.08906250000000002 0.11562500000000002 0.2140625 0.2328125 0.2140625
1 0.2109375 2.076159026679497e-17 0.128125 1.5690787114075464e-17 0.128125 0.04375000000000002 0.2109375 0.043750000000000025
1 0.5796875000000001 0.6625 0.4546875 0.6625 0.4546875000000001 0.8296875 0.5796875000000001 0.8296875
1 0.1921875000000001 0.728125 0.09218750000000009 0.728125 0.0921875000000001 0.853125 0.1921875000000001 0.853125
1 0.4078125000000002 0.828125 0.2687500000000001 0.828125 0.2687500000000001 0.95625 0.4078125000000002 0.95625
3 0.528125 5.998855805198363e-17 0.4515625 5.5300457023997667e-17 0.4515625 0.03750000000000006 0.528125 0.03750000000000007
3 0.17656250000000007 0.5203125 0.10625000000000004 0.5203125 0.10625000000000007 0.5671875 0.1765625000000001 0.5671875
3 0.2171875000000001 0.5015625 0.17968750000000006 0.5015625 0.17968750000000006 0.5390625 0.2171875000000001 0.5390625
0 0.671875 0.4859375 0.3984375000000001 0.4859375 0.3984375000000001 0.6734375 0.671875 0.6734375
0 0.83125 0.06562500000000009 0.5984375 0.06562500000000007 0.5984375 0.2968750000000001 0.83125 0.2968750000000001