0 0.515625 0.600000 0.428125 0.600000 0.428125 0.660937 0.515625 0.660937
0 0.220031 0.623669 0.143051 0.583852 0.121548 0.625424 0.198528 0.665241
0 0.648495 0.052611 0.608022 0.048114 0.605107 0.074352 0.645579 0.078849
0 0.160588 0.782195 0.111994 0.768696 0.106196 0.789568 0.154790 0.803067
0 0.536839 0.484195 0.532031 0.460156 0.510998 0.464363 0.515805 0.488401
0 0.186029 0.290257 0.119485 0.273621 0.111213 0.306710 0.177757 0.323346
0 0.499735 0.622674 0.481740 0.592083 0.432234 0.621204 0.450229 0.651795
0 0.483062 0.198250 0.459812 0.167250 0.422063 0.195563 0.445312 0.226563
0 0.643546 0.744982 0.615020 0.714419 0.589745 0.738008 0.618271 0.768572
0 0.767673 0.514346 0.724830 0.489354 0.707659 0.518790 0.750502 0.543782
0 0.522356 0.894471 0.505288 0.868870 0.480769 0.885216 0.497837 0.910817
0 0.814375 0.693125 0.800575 0.617225 0.749975 0.626425 0.763775 0.702325
0 0.266349 0.562233 0.244703 0.535175 0.223933 0.551791 0.245579 0.578849
0 0.449606 0.087461 0.414380 0.058640 0.394748 0.082635 0.429974 0.111456
0 0.288491 0.918049 0.225040 0.893645 0.214852 0.920135 0.278302 0.944539
0 0.081996 0.420812 0.050016 0.418528 0.046375 0.469496 0.078355 0.471780
0 0.403063 0.372312 0.389375 0.354062 0.352375 0.381812 0.366063 0.400062
0 0.094063 0.708750 0.069688 0.696563 0.053125 0.729688 0.077500 0.741875
0 0.334976 0.640505 0.286707 0.634471 0.283702 0.658510 0.331971 0.664543
0 0.367188 0.723437 0.322702 0.712316 0.314706 0.744301 0.359191 0.755423
0 0.654531 0.931719 0.588438 0.909688 0.575313 0.949063 0.641406 0.971094
0 0.492555 0.139154 0.470221 0.101930 0.443336 0.118061 0.465671 0.155285
0 0.047356 0.727284 0.025375 0.726062 0.023053 0.767861 0.045034 0.769082
0 0.162187 0.195938 0.129688 0.179688 0.117188 0.204687 0.149687 0.220938
0 0.776563 0.718750 0.729131 0.700963 0.715454 0.737436 0.762885 0.755223
0 0.243327 0.760976 0.240190 0.726460 0.210323 0.729175 0.213461 0.763691
0 0.131728 0.701599 0.102500 0.667500 0.080496 0.686360 0.109724 0.720460
0 0.397906 0.178719 0.342344 0.170781 0.336750 0.209938 0.392313 0.217875
0 0.226930 0.773346 0.182813 0.746875 0.165717 0.775368 0.209835 0.801838
0 0.366151 0.513171 0.333285 0.506128 0.326905 0.535899 0.359771 0.542942
0 0.555236 0.012331 0.480997 0.000000 0.470355 0.063809 0.544595 0.076182
0 0.258117 0.385556 0.220579 0.355526 0.199390 0.382012 0.236928 0.412043
0 0.232813 0.575000 0.198438 0.575000 0.198438 0.600000 0.232813 0.600000
0 0.463762 0.312440 0.407572 0.301202 0.401743 0.330349 0.457933 0.341587
0 0.659853 0.706485 0.647636 0.680524 0.595715 0.704958 0.607932 0.730918
0 0.283915 0.259651 0.222518 0.244301 0.213879 0.278860 0.275276 0.294210
0 0.221418 0.560409 0.218125 0.534062 0.182548 0.538510 0.185841 0.564856
0 0.537769 0.296767 0.528179 0.272791 0.496390 0.285506 0.505981 0.309483
0 0.629010 0.649226 0.577676 0.645803 0.575062 0.685004 0.626397 0.688426
0 0.309976 0.487380 0.286538 0.471755 0.272356 0.493029 0.295793 0.508654
0 0.406370 0.924038 0.402404 0.904207 0.380769 0.908534 0.384736 0.928365
0 0.550384 0.711399 0.521311 0.676511 0.467674 0.721209 0.496747 0.756096
0 0.548508 0.611763 0.509603 0.587447 0.488009 0.621998 0.526914 0.646313
0 0.833089 0.595180 0.805937 0.574062 0.783389 0.603053 0.810541 0.624171
0 0.706923 0.846363 0.689547 0.805819 0.645043 0.824892 0.662419 0.865436
0 0.548058 0.923410 0.508339 0.906860 0.500157 0.926498 0.539876 0.943047
0 0.150184 0.749173 0.143199 0.721232 0.116360 0.727941 0.123346 0.755882
0 0.434856 0.375841 0.430168 0.352404 0.407632 0.356911 0.412320 0.380349
0 0.498017 0.851022 0.493810 0.829988 0.444832 0.839784 0.449038 0.860817
0 0.442500 0.808750 0.403125 0.789063 0.390938 0.813438 0.430312 0.833125
0 0.513906 0.658281 0.447344 0.636094 0.435781 0.670781 0.502344 0.692969
0 0.578125 0.304688 0.543750 0.304688 0.543750 0.325000 0.578125 0.325000
0 0.465625 0.992188 0.428125 0.992188 0.428125 0.995313 0.465625 0.995313
0 0.587500 0.221875 0.560937 0.221875 0.560937 0.245313 0.587500 0.245313
0 0.671938 0.258937 0.638750 0.214687 0.600500 0.243375 0.633688 0.287625
0 0.507813 0.079688 0.451684 0.067660 0.445808 0.095084 0.501936 0.107111
0 0.729375 0.816562 0.725165 0.794110 0.685731 0.801504 0.689941 0.823956
0 0.300862 0.713470 0.256681 0.695797 0.246552 0.721121 0.290733 0.738793
