0 0.609375 0.13437500000000008 0.58125 0.13437500000000008 0.58125 0.1531250000000001 0.609375 0.1531250000000001
0 0.6418269230769232 0.16225961538461542 0.6376201923076925 0.1412259615384615 0.6150841346153847 0.14573317307692307 0.6192908653846155 0.16676682692307698
0 0.559375 0.5125 0.521875 0.5125 0.521875 0.5453125 0.559375 0.5453125
0 0.5195358727810651 0.6449889053254438 0.48270155325443787 0.6296412721893491 0.46448779585798816 0.6733542899408285 0.5013221153846154 0.688701923076923
0 0.6850596910112361 0.8579705056179778 0.6714431179775282 0.714996488764045 0.4162429775280899 0.7393012640449439 0.4298595505617978 0.8822752808988765
0 0.3697610294117647 0.21498161764705884 0.3675551470588235 0.20615808823529416 0.3557904411764706 0.2090992647058824 0.3579963235294117 0.21792279411764706
0 0.6609375 0.428125 0.6375 0.428125 0.6375 0.434375 0.6609375 0.434375
0 0.6955188679245282 0.09369103773584908 0.6926886792452829 0.08378537735849059 0.6737028301886792 0.08920990566037738 0.6765330188679244 0.09911556603773589
0 0.6140625 0.09531250000000006 0.584375 0.09531250000000006 0.584375 0.12031250000000009 0.6140625 0.12031250000000009
0 0.725 0.6484375 0.70625 0.6484375 0.70625 0.6625 0.725 0.6625
0 0.821875 0.8421875 0.8015625 0.8421875 0.8015625 0.859375 0.821875 0.859375
0 0.3578125 0.13750000000000004 0.3421875 0.13750000000000004 0.3421875 0.14687500000000003 0.3578125 0.14687500000000003
0 0.7847867779783393 0.4637691787003611 0.7560412906137185 0.44528993682310486 0.7469032039711192 0.4595047382671482 0.7756486913357399 0.47798398014440446
0 0.5890625000000002 0.74375 0.5640625000000001 0.74375 0.5640625000000001 0.7625 0.5890625000000002 0.7625
0 0.12656250000000008 0.565625 0.1062500000000001 0.565625 0.1062500000000001 0.5765625 0.12656250000000008 0.5765625
0 0.5651604729729731 0.6394003378378378 0.562668918918919 0.6244510135135135 0.5454391891891892 0.6273226351351352 0.5479307432432432 0.6422719594594595
0 0.5140625 0.2140625000000001 0.4953125 0.2140625000000001 0.4953125 0.22656250000000008 0.5140625 0.22656250000000008
0 0.4712740384615385 0.14050480769230772 0.43566395888594167 0.11602287798408492 0.41875 0.14062500000000006 0.4543600795755968 0.16510692970822283
0 0.38265625 0.17453125 0.37937499999999996 0.1646875 0.36578125 0.16921874999999997 0.36906249999999996 0.17906249999999999
0 0.7788254310344828 0.5275323275862068 0.7748383620689656 0.5175646551724139 0.7654094827586206 0.5213362068965518 0.7693965517241379 0.5313038793103448
0 0.4178125 0.23562500000000003 0.41156249999999994 0.22312500000000002 0.39656250000000004 0.23062500000000002 0.4028125 0.24312500000000004
0 0.5406250000000001 0.734375 0.5203125000000002 0.734375 0.5203125000000002 0.746875 0.5406250000000001 0.746875
0 0.6748929794520547 0.7392979452054795 0.6675727739726026 0.7197773972602739 0.6549015410958903 0.7245291095890412 0.6622217465753424 0.7440496575342468
0 0.3953125 0.17968750000000006 0.38468749999999996 0.17437500000000006 0.37906249999999997 0.185625 0.3896875 0.19093750000000004
0 0.528125 0.6734375 0.5 0.6734375 0.5 0.7 0.528125 0.7
0 0.4984375 0.434375 0.484375 0.4203125 0.47421875 0.43046875 0.48828125 0.44453125
0 0.49375 0.08750000000000006 0.478125 0.08750000000000006 0.478125 0.09687500000000007 0.49375 0.09687500000000007
0 0.409375 0.2812500000000001 0.39843750000000006 0.2703125000000001 0.38593750000000004 0.2828125000000001 0.396875 0.29375000000000007
0 0.4600360576923078 0.2470552884615385 0.4576322115384617 0.2350360576923077 0.4396033653846154 0.23864182692307692 0.44200721153846156 0.25066105769230773
0 0.4973437499999999 0.20921875 0.49421874999999993 0.19984374999999996 0.47734375 0.20546874999999992 0.48046875 0.21484375
0 0.4543749999999999 0.47875000000000006 0.44890624999999995 0.46234375000000005 0.43249999999999994 0.46781249999999996 0.4379687499999999 0.48421875
0 0.4859375 0.6000000000000002 0.46640625 0.5804687500000002 0.45234375 0.5945312500000002 0.471875 0.6140625000000002
0 0.5762499999999999 0.10562500000000004 0.571875 0.09687500000000004 0.5537500000000001 0.10593750000000002 0.5581250000000001 0.11468750000000001
0 0.7484375 0.4765625000000001 0.7359375 0.4640625000000001 0.721875 0.4781250000000002 0.734375 0.4906250000000002
0 0.8722426470588236 0.709466911764706 0.8509191176470589 0.7041360294117649 0.8465992647058824 0.7214154411764706 0.8679227941176471 0.7267463235294118
0 0.4336538461538463 0.17139423076923074 0.43094951923076935 0.15787259615384613 0.4105168269230769 0.1619591346153846 0.4132211538461538 0.17548076923076922
0 0.5421875 0.7093750000000002 0.53359375 0.7007812500000001 0.52109375 0.71328125 0.5296875000000001 0.721875
0 0.41875 0.48125 0.3968750000000001 0.48125 0.3968750000000001 0.5 0.41875 0.5
0 0.8561233108108111 0.3679476351351353 0.837373310810811 0.3648226351351353 0.8351351351351353 0.37825168918918933 0.8538851351351353 0.3813766891891893
0 0.45872553588070825 0.5302976467847158 0.4200722273998137 0.5068295666356012 0.3778890959925444 0.5763076654240449 0.41654240447343893 0.5997757455731594
0 0.6399245689655173 0.5552801724137931 0.6367995689655173 0.547467672413793 0.6262931034482758 0.5516702586206896 0.6294181034482759 0.5594827586206896
0 0.6123798076923077 0.1427884615384615 0.6032451923076922 0.12908653846153836 0.580528846153846 0.14423076923076916 0.5896634615384615 0.1579326923076923
0 0.6259375 0.5918749999999999 0.6173437500000001 0.56609375 0.5971875 0.5728125 0.6057812499999999 0.5985937499999999
0 0.74375 0.95 0.741766826923077 0.9400841346153845 0.7294471153846154 0.9425480769230768 0.7314302884615385 0.9524639423076924
0 0.82265625 0.32109375000000023 0.81171875 0.31015625000000013 0.79609375 0.32578125000000013 0.80703125 0.33671875000000023
0 0.80859375 0.5742187500000002 0.7976562500000001 0.5632812500000002 0.7859375000000002 0.5750000000000002 0.796875 0.5859375000000001
0 0.5296875 0.4609375 0.5125 0.4609375 0.5125 0.475 0.5296875 0.475
0 0.7542067307692306 0.906971153846154 0.733653846153846 0.8932692307692308 0.7240384615384615 0.9076923076923077 0.7445913461538461 0.9213942307692307
0 0.5924180327868853 0.08027663934426228 0.5863934426229509 0.05467213114754099 0.5283043032786885 0.06834016393442624 0.534328893442623 0.09394467213114752
0 0.753125 0.32343750000000016 0.7453125 0.31562500000000016 0.73203125 0.3289062500000001 0.73984375 0.3367187500000001
0 0.47578125 0.08671875000000007 0.46875 0.07968750000000006 0.4609375 0.08750000000000006 0.46796875 0.09453125000000007
0 0.55 0.0515625 0.545625 0.04281250000000001 0.5237499999999999 0.053750000000000034 0.528125 0.06250000000000003