0 0.5140625 0.10937500000000004 0.390625 0.10937500000000004 0.390625 0.21875000000000008 0.5140625 0.21875000000000008
1 0.63125 0.1312500000000001 0.565625 0.1312500000000001 0.565625 0.1703125000000001 0.63125 0.1703125000000001
0 0.8984375 0.10937500000000008 0.8578125 0.10937500000000008 0.8578125 0.13281250000000008 0.8984375 0.13281250000000008
0 0.8421875 0.0968750000000001 0.778125 0.09687500000000009 0.778125 0.1468750000000001 0.8421875 0.1468750000000001
0 0.940625 0.3734375000000001 0.903125 0.3734375000000001 0.903125 0.3968750000000001 0.940625 0.3968750000000001
0 0.975 0.4031250000000002 0.9421875 0.4031250000000002 0.9421875 0.4343750000000002 0.975 0.4343750000000002
3 0.596875 0.4328125 0.540625 0.4328125 0.540625 0.4703125 0.596875 0.4703125
3 0.428125 0.38593750000000004 0.3609375000000001 0.3859375 0.3609375000000001 0.434375 0.428125 0.434375
3 0.5796875 0.3546875000000001 0.528125 0.3546875000000001 0.528125 0.3968750000000001 0.5796875 0.3968750000000001
3 0.6890625 0.415625 0.65625 0.415625 0.65625 0.440625 0.6890625 0.440625
3 0.4390625 0.3062500000000001 0.38125 0.3062500000000001 0.38125 0.3546875000000001 0.4390625 0.3546875000000001
3 0.32500000000000007 0.353125 0.3046875 0.353125 0.30468750000000006 0.3734375 0.32500000000000007 0.3734375