0 0.22225609756097567 0.5450076219512197 0.20682164634146347 0.5432926829268293 0.2045350609756098 0.5638719512195123 0.219969512195122 0.5655868902439025
0 0.681923076923077 0.6894471153846154 0.6561778846153846 0.6747355769230771 0.6314663461538461 0.7179807692307693 0.6572115384615385 0.7326923076923079
0 0.8848437500000002 0.6423437500000002 0.8675 0.6365625000000001 0.8575000000000002 0.6665625000000002 0.8748437500000001 0.6723437500000002
0 0.58515625 0.06015625 0.5718750000000001 0.04687500000000004 0.55390625 0.06484375000000009 0.5671875 0.07812500000000004
0 0.49375 0.12812500000000004 0.48125 0.12812500000000004 0.48125 0.15000000000000005 0.49375 0.15000000000000005
0 0.81875 0.4703125000000002 0.80078125 0.45234375000000016 0.7765625 0.47656250000000017 0.79453125 0.4945312500000002
0 0.6574448529411765 0.26415441176470583 0.6492647058823529 0.23143382352941172 0.6121323529411764 0.24071691176470583 0.6203125 0.27343749999999994
0 0.583861301369863 0.4591823630136986 0.5633133561643836 0.45147688356164384 0.551048801369863 0.48418236301369866 0.5715967465753424 0.4918878424657535
0 0.14218750000000008 0.6140625 0.12343750000000009 0.6140625 0.12343750000000009 0.6375 0.14218750000000008 0.6375
0 0.5768028846153845 0.19651442307692318 0.5569711538461538 0.18329326923076936 0.5370192307692307 0.21322115384615398 0.5568509615384615 0.2264423076923078
0 0.4546875000000002 0.921875 0.4203125000000002 0.921875 0.4203125000000002 0.965625 0.4546875000000002 0.965625
0 0.4859375 0.534375 0.4703125 0.534375 0.4703125 0.5546875 0.4859375 0.5546875
0 0.1328125 0.004687500000000015 0.0984375 0.004687500000000013 0.0984375 0.050000000000000024 0.1328125 0.050000000000000024
0 0.3171875 0.07812500000000004 0.309375 0.07031250000000004 0.29765625 0.08203125000000007 0.30546875 0.08984375000000007
0 0.4552884615384615 0.5280048076923076 0.44519230769230766 0.5212740384615385 0.43076923076923074 0.5429086538461538 0.4408653846153846 0.549639423076923
0 0.48421875000000003 0.75265625 0.4640937500000001 0.7497812500000001 0.4588750000000001 0.7863125 0.4790000000000001 0.7891875
0 0.54375 0.81875 0.5264062500000001 0.8129687500000001 0.515 0.8471875000000001 0.53234375 0.8529687500000002
0 0.4331367924528303 0.8965212264150946 0.4129127358490566 0.8907429245283021 0.4027712264150944 0.9262382075471699 0.42299528301886796 0.9320165094339623
0 0.4904871323529411 0.6424172794117647 0.4744025735294118 0.6327665441176471 0.46075367647058824 0.6555147058823529 0.47683823529411756 0.6651654411764707
0 0.842625 0.36868749999999995 0.8377812499999999 0.3347812499999999 0.7949062499999998 0.3409062499999999 0.7997499999999998 0.3748125
0 0.34843750000000007 0.9421875000000002 0.33828125 0.93203125 0.3265624999999999 0.9437500000000002 0.33671875 0.9539062500000002
0 0.515625 0.5609375 0.5046875 0.5609375 0.5046875 0.5765625 0.515625 0.5765625
0 0.8046875 0.42187500000000017 0.7859375 0.42187500000000017 0.7859375 0.4515625000000002 0.8046875 0.4515625000000002
0 0.7308814858490565 0.32097582547169823 0.7008991745283017 0.3043189858490567 0.6646373820754716 0.369590212264151 0.6946196933962264 0.38624705188679254
0 0.3453125000000002 0.6140625000000002 0.325 0.59375 0.2921875 0.6265625 0.31250000000000017 0.6468750000000002
0 0.4289062500000001 0.28203125000000007 0.41171875 0.26484375000000004 0.384375 0.29218750000000004 0.4015625000000001 0.30937500000000007
0 0.1819925742574258 0.12694925742574265 0.15089727722772278 0.12383972772277232 0.14758663366336636 0.15694616336633666 0.17868193069306934 0.16005569306930698
0 0.2651875 0.5421250000000001 0.2607375 0.51765 0.2244375 0.5242500000000001 0.2288875 0.548725
0 0.2868990384615385 0.2592548076923077 0.2649639423076923 0.25486778846153846 0.25763221153846155 0.2915264423076923 0.2795673076923077 0.2959134615384616
0 0.570625 0.12593749999999998 0.5569375000000001 0.10768749999999998 0.5399375000000001 0.12043750000000002 0.553625 0.13868750000000002
0 0.1203125 0.27187500000000003 0.10703125 0.25859375000000007 0.08515625 0.2804687500000001 0.0984375 0.29375000000000007
0 0.6296875 0.17343750000000013 0.609375 0.1531250000000001 0.584375 0.17812500000000003 0.6046875 0.1984375000000001
0 0.7453125 0.4296875000000001 0.7078125 0.4296875 0.7078125 0.4625000000000001 0.7453125 0.4625000000000002
0 0.6682499999999999 0.534 0.6637812499999999 0.5027187500000001 0.6392812499999999 0.50621875 0.6437499999999999 0.5375
0 0.26796875000000014 0.7742187500000001 0.24781250000000016 0.7675000000000001 0.2359375000000002 0.8031250000000002 0.2560937500000001 0.8098437500000001
0 0.48750000000000016 0.98125 0.46406250000000016 0.98125 0.46406250000000016 0.99375 0.48750000000000016 0.99375
0 0.2851562500000001 0.4710937500000001 0.26478365384615393 0.36923076923076936 0.21460336538461539 0.37926682692307706 0.23497596153846154 0.48112980769230773
0 0.20684375000000005 0.025531250000000033 0.18868749999999995 0.02293750000000002 0.18459374999999995 0.051593750000000015 0.20275000000000004 0.054187500000000034
0 0.3656250000000001 0.6953125 0.3421875000000001 0.6953125 0.3421875000000001 0.7296875 0.3656250000000001 0.7296875
0 0.38203124999999993 0.36015625000000007 0.36484375 0.3429687500000001 0.34375000000000006 0.36406250000000007 0.3609375 0.38125
0 0.26159926470588235 0.6085845588235295 0.24020220588235297 0.5836213235294119 0.2142095588235294 0.6059007352941177 0.23560661764705876 0.6308639705882353
0 0.38663793103448274 0.24746767241379314 0.3650862068965517 0.23884698275862074 0.35226293103448275 0.27090517241379314 0.3738146551724138 0.27952586206896557
0 0.2734375 0.2078125 0.25 0.2078125 0.25 0.2453125 0.2734375 0.2453125
0 0.14775735294117645 0.42759191176470585 0.1305514705882353 0.4075183823529411 0.10610294117647054 0.4284742647058823 0.1233088235294117 0.44854779411764706
0 0.5271875 0.829375 0.5099374999999999 0.8164374999999999 0.4859374999999998 0.8484375 0.5031874999999999 0.8613750000000001
0 0.7518590328467154 0.7499657846715329 0.7309078467153286 0.7423471715328468 0.7175410583941607 0.7791058394160585 0.7384922445255475 0.7867244525547445
0 0.19053879310344826 0.07290948275862072 0.17230603448275864 0.07139008620689657 0.1694396551724138 0.10578663793103449 0.18767241379310343 0.10730603448275863
0 0.3828125000000001 0.4734375 0.35625000000000007 0.4734375 0.35625000000000007 0.503125 0.3828125000000001 0.503125
0 0.2818566176470588 0.09023897058823534 0.26266544117647056 0.08597426470588239 0.25751838235294117 0.10913602941176474 0.27670955882352943 0.11340073529411769
0 0.33501838235294124 0.2869485294117647 0.32325367647058834 0.2398897058823529 0.2945772058823529 0.24705882352941178 0.3063419117647059 0.2941176470588235
0 0.5852163461538463 0.7082932692307693 0.5686899038461538 0.7049879807692309 0.5638221153846154 0.729326923076923 0.5803485576923079 0.7326322115384616
0 0.46575000000000005 0.22256250000000008 0.44925000000000015 0.20056250000000006 0.42150000000000015 0.22137500000000004 0.43800000000000006 0.24337500000000006
0 0.18158088235294118 0.20663602941176468 0.1677941176470588 0.19055147058823524 0.1481066176470588 0.20742647058823524 0.16189338235294118 0.22351102941176468
0 0.36265624999999996 0.5817187500000001 0.34703124999999996 0.5348437500000001 0.29218749999999993 0.553125 0.3078125 0.6
0 0.30778688524590164 0.043468237704918075 0.2891905737704918 0.027971311475409856 0.2667776639344262 0.05486680327868855 0.28537397540983606 0.07036372950819678
0 0.06346153846153846 0.4173076923076923 0.04795673076923079 0.40697115384615384 0.030408653846153877 0.4332932692307693 0.04591346153846154 0.44362980769230764
0 0.052584134615384616 0.2926081730769231 0.04435096153846155 0.2514423076923077 0.02001201923076923 0.25631009615384615 0.0282451923076923 0.29747596153846156
0 0.6644847972972975 0.3615287162162164 0.6444679054054056 0.35819256756756773 0.6407094594594596 0.3807432432432434 0.6607263513513515 0.384079391891892
0 0.33437500000000003 0.7968750000000002 0.31484375000000003 0.7773437500000002 0.27578125000000003 0.8164062500000002 0.29531250000000003 0.8359375000000002
0 0.31796875 0.22578125000000004 0.30000000000000004 0.20781250000000004 0.28125 0.22656250000000008 0.29921875 0.2445312500000001
0 0.32265625 0.3882812500000001 0.3014231687898089 0.38203622611464977 0.285922571656051 0.43473825636942676 0.307155652866242 0.4409832802547771
0 0.5814999999999999 0.8595625 0.56325 0.8458750000000002 0.5323125000000001 0.8871250000000002 0.5505625000000001 0.9008125
0 0.9143749999999999 0.4087500000000001 0.87625 0.3896875000000001 0.8634375000000001 0.4153125000000001 0.9015625 0.4343750000000002
0 0.13717672413793106 0.16799568965517242 0.1196659482758621 0.16099137931034485 0.11082974137931037 0.18308189655172416 0.12834051724137932 0.19008620689655173
0 0.50703125 0.35859374999999993 0.49796874999999996 0.3314062499999999 0.4656249999999999 0.3421874999999999 0.47468749999999993 0.36937499999999995
0 0.7945772058823529 0.5189338235294119 0.7752757352941175 0.5073529411764707 0.7590073529411764 0.534466911764706 0.7783088235294118 0.5460477941176471
0 0.685290948275862 0.30630387931034486 0.6416487068965516 0.28884698275862075 0.6257004310344827 0.3287176724137932 0.6693426724137931 0.34617456896551735
0 0.4096104452054795 0.723330479452055 0.3912885273972603 0.7164597602739727 0.38017979452054795 0.7460830479452054 0.3985017123287672 0.7529537671232877
0 0.4256893382352941 0.5113511029411766 0.4045496323529412 0.49866727941176475 0.3889705882352942 0.5246323529411765 0.4101102941176471 0.5373161764705883
1 0.890625 0.7656250000000001 0.7250000000000002 0.765625 0.7250000000000002 0.99375 0.890625 0.99375