0 0.3140625 0.33125 0.284375 0.33125 0.28437500000000004 0.3859375 0.3140625000000001 0.3859375
2 0.7078125000000001 0.3265625000000001 0.471875 0.3265625000000001 0.4718750000000001 0.753125 0.7078125000000002 0.753125
2 0.6859375 0.3515625000000001 0.5125 0.3515625000000001 0.5125 0.7046875 0.6859375 0.7046875
2 0.7015625 0.3046875000000001 0.5859375 0.3046875000000001 0.5859375 0.4734375 0.7015625 0.4734375
2 0.8390625 0.48437500000000017 0.7921875 0.48437500000000017 0.7921875 0.5812500000000002 0.8390625 0.5812500000000002
2 0.7890625 0.44843750000000016 0.740625 0.44843750000000016 0.740625 0.6046875000000002 0.7890625 0.6046875000000002
2 0.91875 0.5937500000000002 0.8953125 0.5937500000000002 0.8953125 0.6734375000000001 0.91875 0.6734375000000001
2 0.8171875 0.3937500000000001 0.7875 0.3937500000000001 0.7875 0.4500000000000002 0.8171875 0.4500000000000002
0 0.32500000000000007 0.55 0.2921875000000001 0.55 0.2921875000000001 0.6171875 0.32500000000000007 0.6171875
0 0.2390625000000001 0.65 0.21875000000000008 0.65 0.21875000000000008 0.7046875 0.2390625000000001 0.7046875
0 0.38125 0.20468750000000005 0.3390625 0.2046875 0.3390625 0.26093750000000004 0.38125 0.2609375000000001
0 0.421875 0.2921875000000001 0.3796875 0.2921875000000001 0.37968750000000007 0.3812500000000001 0.421875 0.3812500000000001
0 0.384375 0.35156250000000006 0.3484375 0.3515625 0.34843750000000007 0.421875 0.3843750000000001 0.421875
0 0.5234375 0.23593750000000008 0.4796875 0.23593750000000008 0.4796875 0.3296875000000001 0.5234375 0.3296875000000001
0 0.4125 0.5578125 0.3843750000000001 0.5578125 0.3843750000000001 0.65 0.4125 0.65
0 0.3890625000000001 0.6421875 0.35625000000000007 0.6421875 0.35625000000000007 0.7109375 0.3890625000000001 0.7109375
0 0.4843750000000001 0.665625 0.4484375 0.665625 0.4484375000000001 0.73125 0.48437500000000017 0.73125
0 0.42187500000000017 0.7421875 0.3921875000000001 0.7421875 0.3921875000000001 0.7875 0.42187500000000017 0.7875
0 0.5203125000000002 0.7375 0.4937500000000002 0.7375 0.4937500000000002 0.7828125 0.5203125000000002 0.7828125
0 0.4812500000000002 0.78125 0.4656250000000002 0.78125 0.4656250000000002 0.8109375 0.4812500000000002 0.8109375