0 0.3328125 0.296875 0.253125 0.296875 0.253125 0.346875 0.3328125 0.346875
0 0.3812500000000001 0.940625 0.3531250000000001 0.940625 0.3531250000000001 0.9625 0.3812500000000001 0.9625
0 0.3609375 0.2546875 0.3359375 0.2546875 0.3359375 0.2703125 0.3609375 0.2703125
0 0.7255891393442623 0.39195696721311485 0.7097079918032787 0.3728995901639344 0.6723616803278688 0.4040215163934426 0.6882428278688525 0.423078893442623
0 0.35067114093959734 0.846717701342282 0.33422818791946307 0.8232277684563758 0.30465604026845644 0.8439282718120806 0.3210989932885907 0.8674182046979866
0 0.6104069106234948 0.08582586299170467 0.5290967018999198 0.08049404602622431 0.5213548635268933 0.1985570812148783 0.6026650722504684 0.20388889818035866
0 0.5942548076923077 0.27747596153846155 0.5849278846153846 0.2028605769230769 0.5441586538461538 0.20795673076923077 0.5534855769230769 0.28257211538461535
0 0.5263469827586207 0.6161637931034483 0.5002155172413794 0.6057112068965518 0.4947198275862069 0.6194504310344829 0.5208512931034482 0.6299030172413793
0 0.23019301470588238 0.30905330882352944 0.1764246323529412 0.2767922794117647 0.16374080882352943 0.2979319852941177 0.2175091911764706 0.33019301470588236
0 0.4859375000000002 0.809375 0.45312500000000017 0.809375 0.45312500000000017 0.8265625 0.4859375000000002 0.8265625
0 0.44660966981132066 0.8936025943396226 0.4406544811320753 0.8727594339622641 0.4086674528301886 0.8818985849056602 0.4146226415094339 0.9027417452830188
0 0.4026185344827586 0.4689224137931035 0.40107758620689654 0.4504310344827586 0.36344827586206896 0.4535668103448276 0.364989224137931 0.47205818965517243
0 0.5707707852193995 0.10234555427251743 0.5348838048498845 0.07701356812933033 0.5225425808314088 0.09449696882217096 0.5584295612009238 0.11982895496535806
0 0.5306165540540542 0.16161317567567574 0.5073057432432433 0.15772804054054063 0.502195945945946 0.18838682432432438 0.5255067567567568 0.19227195945945955
0 0.9235625000000001 0.5805625000000002 0.8893249999999998 0.5743375000000002 0.8853249999999999 0.5963375000000001 0.9195625000000002 0.6025625000000001
0 0.47904411764705895 0.6760110294117647 0.4474264705882354 0.6681066176470589 0.44218750000000007 0.6890625 0.47380514705882365 0.6969669117647059
0 0.5565625 0.5990624999999999 0.5284375 0.5896874999999999 0.5199999999999999 0.615 0.548125 0.624375
0 0.353125 0.16718750000000004 0.33125 0.16718750000000004 0.33125 0.18750000000000006 0.353125 0.18750000000000006
0 0.5031250000000002 0.99375 0.4859375000000002 0.99375 0.4859375000000002 0.9984375 0.5031250000000002 0.9984375
0 0.524375 0.491875 0.496875 0.4781250000000001 0.48375 0.5043750000000001 0.5112500000000001 0.5181250000000001
0 0.1820579268292683 0.46210365853658547 0.17576981707317074 0.43275914634146345 0.14919969512195125 0.43845274390243905 0.1554878048780488 0.46779725609756106
0 0.2609375000000001 0.3921875 0.2296875000000001 0.3921875 0.2296875000000001 0.4140625 0.2609375000000001 0.4140625
0 0.44698057432432436 0.8467271959459459 0.4233319256756756 0.829835304054054 0.40686233108108105 0.8528927364864864 0.43051097972972985 0.8697846283783784
0 0.44889812138728324 0.3490877890173411 0.44629696531791907 0.3321802745664739 0.41565209537572245 0.3368948699421964 0.4182532514450867 0.35380238439306366
0 0.3890625000000001 0.428125 0.3593750000000001 0.428125 0.3593750000000001 0.44375 0.3890625000000001 0.44375
0 0.7609375 0.4625000000000001 0.709375 0.4625 0.709375 0.49375 0.7609375 0.4937500000000001
0 0.7799016853932585 0.44053019662921356 0.723936095505618 0.3942977528089888 0.7086587078651685 0.41279143258426976 0.7646242977528089 0.4590238764044945
0 0.19793750000000002 0.43162500000000004 0.186125 0.42993750000000003 0.1831875 0.4505 0.195 0.4521875000000001
0 0.7921875 0.5265625000000002 0.7578125 0.5265625000000002 0.7578125 0.5453125000000002 0.7921875 0.5453125000000002
0 0.8328125 0.6750000000000002 0.79375 0.6750000000000002 0.79375 0.6906250000000002 0.8328125 0.6906250000000002
0 0.8671875 0.42500000000000016 0.85625 0.42500000000000016 0.85625 0.4359375000000002 0.8671875 0.4359375000000002
0 0.4000000000000001 0.7328125000000002 0.390625 0.7234375 0.37812499999999993 0.7359375000000001 0.38750000000000007 0.7453125000000002
0 0.3343750000000001 0.6578125 0.2968750000000001 0.6578125 0.2968750000000001 0.6875 0.3343750000000001 0.6875
0 0.3228125 0.3175 0.304375 0.280625 0.24500000000000002 0.3103125 0.26343750000000005 0.3471875
0 0.3747261597938144 0.29821198453608255 0.3649323453608247 0.27617590206185566 0.3482603092783504 0.2835856958762887 0.3580541237113401 0.3056217783505155
0 0.2718750000000001 0.6140625 0.23593750000000008 0.6140625 0.23593750000000008 0.6390625 0.2718750000000001 0.6390625
0 0.5236872960848287 0.7756321370309951 0.5067444942903752 0.7576926998368678 0.4695809543230015 0.792791598694943 0.4865237561174551 0.8107310358890703
0 0.32625 0.4834375000000001 0.31890624999999995 0.46140625 0.2790625 0.47468750000000004 0.28640625000000003 0.49671875000000004
0 0.4835937500000001 0.7085937500000001 0.4664062500000001 0.6914062500000002 0.44218750000000007 0.7156250000000001 0.4593750000000001 0.7328125000000001
0 0.9453125 0.6515625000000002 0.915625 0.6515625000000002 0.915625 0.6765625000000002 0.9453125 0.6765625000000002
0 0.15606617647058824 0.36176470588235293 0.15284926470588234 0.3488970588235294 0.13042279411764704 0.3545036764705882 0.1336397058823529 0.36737132352941176
0 0.1690625 0.625625 0.1615625 0.610625 0.1509375 0.6159375 0.1584375 0.6309375
0 0.8921875 0.5968750000000002 0.8640625 0.5968750000000002 0.8640625 0.6156250000000002 0.8921875 0.6156250000000002
0 0.22171336206896558 0.3449353448275862 0.19396551724137936 0.3338362068965518 0.18696120689655177 0.35134698275862075 0.21470905172413798 0.36244612068965526
0 0.6070905172413792 0.6225862068965518 0.604935344827586 0.5967241379310345 0.5744181034482759 0.5992672413793104 0.576573275862069 0.6251293103448277
0 0.6984375 0.2000000000000001 0.6640625 0.2000000000000001 0.6640625 0.2171875000000001 0.6984375 0.2171875000000001
0 0.43371394230769234 0.1454927884615385 0.38563701923076926 0.13587740384615388 0.3769831730769231 0.17914663461538466 0.42506009615384616 0.18876201923076927
0 0.5205882352941176 0.44329044117647065 0.48313419117647055 0.4208180147058824 0.46576286764705876 0.44977022058823535 0.5032169117647058 0.4722426470588236
0 0.8823437500000001 0.6264062500000002 0.8059375 0.6009375 0.7915624999999998 0.6440625000000001 0.86796875 0.66953125
0 0.38948479729729735 0.5134712837837838 0.3822635135135135 0.47014358108108106 0.33006756756756755 0.4788429054054054 0.33728885135135134 0.5221706081081081
0 0.3734375 0.20000000000000004 0.2875 0.2 0.2875 0.2328125 0.3734375 0.23281250000000003
0 0.32784323770491813 0.3640368852459017 0.2829021516393443 0.3599513319672132 0.2795594262295082 0.3967213114754099 0.32450051229508203 0.4008068647540985
0 0.4870920907079645 0.990756360619469 0.48519773230088487 0.9623409845132743 0.4561601216814159 0.9642768252212388 0.45805448008849553 0.9926922013274335
0 0.4109375000000002 0.859375 0.3984375000000001 0.859375 0.3984375000000001 0.8796875 0.4109375000000002 0.8796875
0 0.3351178278688524 0.261296106557377 0.3116034836065574 0.24170081967213114 0.30084528688524587 0.2546106557377049 0.3243596311475409 0.27420594262295084
0 0.7381756756756757 0.30249155405405403 0.7334881756756757 0.27436655405405413 0.7106841216216215 0.2781672297297298 0.7153716216216216 0.3062922297297297
0 0.35519425675675675 0.5780405405405404 0.35308277027027024 0.5653716216216216 0.32673141891891894 0.5697635135135135 0.3288429054054054 0.5824324324324324
0 0.784375 0.6218750000000002 0.7453125 0.6218750000000002 0.7453125 0.6421875000000001 0.784375 0.6421875000000001
0 0.2796875 0.2828125000000001 0.26796875 0.2710937500000001 0.25625 0.2828125000000001 0.26796875 0.2945312500000001
0 0.7292067307692308 0.2585336538461539 0.7036298076923078 0.25533653846153853 0.7018269230769231 0.26975961538461546 0.7274038461538461 0.2729567307692309
0 0.5875 0.20468750000000008 0.5609375 0.20468750000000008 0.5609375 0.2250000000000001 0.5875 0.2250000000000001
0 0.6217371323529411 0.38929227941176475 0.5971507352941176 0.3745404411764707 0.5908088235294117 0.38511029411764713 0.6153952205882353 0.39986213235294127
0 0.27065496575342474 0.43112157534246587 0.2373394691780823 0.4159781678082193 0.22792166095890418 0.4366973458904111 0.2612371575342466 0.4518407534246577
0 0.6578125 0.1703125000000001 0.628125 0.1703125000000001 0.628125 0.1843750000000001 0.6578125 0.1843750000000001
0 0.25546875 0.3539062500000001 0.24296875 0.34140625 0.22578124999999996 0.35859375000000004 0.23828125 0.3710937500000001
0 0.29370404411764695 0.4665900735294117 0.2829503676470588 0.44866727941176465 0.26112132352941175 0.4617647058823529 0.2718749999999999 0.47968749999999993
0 0.5069711538461539 0.7885817307692309 0.496875 0.7734375 0.4709134615384615 0.7907451923076924 0.4810096153846154 0.8058894230769231
0 0.5321250000000001 0.8563750000000002 0.5253750000000001 0.8473750000000002 0.5176250000000001 0.8531875000000003 0.5243750000000001 0.8621875000000003
0 0.8734375 0.4578125000000002 0.8390625 0.4578125000000002 0.8390625 0.4968750000000002 0.8734375 0.4968750000000002