2 0.3984375000000001 0.571875 0.3531250000000001 0.571875 0.3531250000000001 0.61875 0.3984375000000001 0.61875
2 0.3421875000000001 0.684375 0.2953125000000001 0.684375 0.2953125000000001 0.7015625 0.3421875000000001 0.7015625
2 0.29375000000000007 0.9625 0.26250000000000007 0.9625 0.26250000000000007 0.971875 0.29375000000000007 0.971875
2 0.29509030963302757 0.9229572821100916 0.25828555045871554 0.9031393348623853 0.2487026949541284 0.9209360665137615 0.2855074541284404 0.9407540137614679
2 0.44405347472924195 0.5413334837545126 0.4162951263537907 0.5383325812274368 0.3953068592057762 0.7324740523465703 0.42306520758122745 0.7354749548736461
2 0.5178125 0.6137500000000001 0.4953125 0.6062500000000001 0.4912500000000001 0.6184375000000001 0.51375 0.6259375
2 0.3453125 0.2890625 0.3140625 0.2890625 0.3140625 0.3203125 0.3453125 0.3203125
2 0.2796875 0.3984375000000001 0.2528125 0.38500000000000006 0.24718750000000006 0.39625000000000005 0.27406250000000004 0.4096875000000001
2 0.10742647058823529 0.6834191176470588 0.10408088235294115 0.6683639705882352 0.0797610294117647 0.6737683823529411 0.08310661764705884 0.6888235294117647
2 0.5219350961538463 0.8075120192307693 0.49278846153846156 0.8016826923076923 0.4907451923076923 0.8118990384615385 0.519891826923077 0.8177283653846155
2 0.19751838235294125 0.4583639705882353 0.1721507352941177 0.4520220588235294 0.1690257352941177 0.46452205882352954 0.19439338235294126 0.4708639705882354
2 0.6144847972972973 0.40409628378378387 0.6118665540540541 0.38838682432432436 0.5926097972972973 0.3915962837837838 0.5952280405405406 0.40730574324324326
2 0.4852884615384615 0.8288701923076924 0.46206730769230775 0.8156009615384617 0.4560096153846155 0.8262019230769233 0.4792307692307691 0.8394711538461539
2 0.5267067307692308 0.2989663461538462 0.509375 0.28906250000000006 0.4892788461538461 0.3242307692307692 0.5066105769230769 0.3341346153846154
2 0.18676250000000014 0.95015 0.16352500000000011 0.9459249999999999 0.1620000000000001 0.9543125000000001 0.1852375000000001 0.9585375000000003
2 0.55234375 0.3273437500000001 0.53203125 0.30703125 0.5187499999999999 0.32031250000000006 0.5390625 0.3406250000000001
2 0.5426097972972974 0.7865287162162163 0.5258868243243244 0.7837415540540541 0.5240287162162163 0.7948902027027029 0.5407516891891893 0.7976773648648651
2 0.5807812500000001 0.5314062500000001 0.5540937500000002 0.5275937500000001 0.5521562500000001 0.5411562500000001 0.5788437500000001 0.5449687500000001
2 0.1491562500000001 0.7762187500000002 0.1353750000000001 0.7742500000000001 0.1341875000000001 0.7825625000000002 0.1479687500000001 0.7845312500000002
2 0.4435308230318803 0.5007778952504881 0.27097104749512035 0.4403082303188029 0.2056164606376057 0.6268079050097592 0.3781762361743656 0.6872775699414444
2 0.4075362569060775 0.8333736187845304 0.39261049723756913 0.8325880524861878 0.3906250000000001 0.8703125 0.4055507596685084 0.8710980662983425
2 0.575 0.2484375000000001 0.5515625 0.2484375000000001 0.5515625 0.2640625000000001 0.575 0.2640625000000001
2 0.22233952702702725 0.8902871621621623 0.18139780405405417 0.8610430743243244 0.1703125000000001 0.8765625000000001 0.21125422297297317 0.9058065878378379