0 0.2390625 0.09687500000000002 0.1546875 0.09687500000000002 0.15468750000000003 0.209375 0.2390625 0.209375
0 0.27654494382022465 0.4494030898876405 0.21067415730337086 0.4082338483146068 0.18460323033707873 0.4499473314606742 0.25047401685393256 0.4911165730337078
0 0.4724673000987166 0.7514714955577492 0.4280818114511352 0.705068484698914 0.4133236673247779 0.7191849703849951 0.4577091559723592 0.7655879812438301
0 0.561204204829309 0.7130685366361367 0.5038951915070775 0.6580518838467944 0.4774172564529559 0.6856330661948377 0.5347262697751874 0.74064971898418
0 0.19455000000000006 0.49872500000000003 0.11700000000000003 0.48462500000000003 0.10965000000000003 0.52505 0.18720000000000006 0.53915
0 0.11841700819672132 0.4135245901639345 0.1158171106557377 0.38492571721311475 0.1011654713114754 0.3862576844262295 0.10376536885245902 0.4148565573770492
0 0.22475961538461536 0.18870192307692307 0.20408653846153846 0.1576923076923077 0.17163461538461539 0.17932692307692308 0.1923076923076923 0.21033653846153846
0 0.2526875 0.12337500000000001 0.2346875 0.09937500000000002 0.1769375 0.14268750000000002 0.19493749999999999 0.1666875
0 0.45987240484429065 0.6798388840830452 0.43651600346020764 0.6360456314878894 0.41916089965397924 0.6453016868512111 0.44251730103806225 0.689094939446367
0 0.3896875 0.6934375 0.3628125 0.6396875 0.3440625 0.6490625 0.37093750000000003 0.7028125000000001
0 0.24375 0.04218750000000003 0.2046875 0.042187500000000024 0.2046875 0.08750000000000002 0.24375 0.08750000000000002
0 0.037500000000000054 0.428125 5.319559533796316e-17 0.428125 5.520478149281428e-17 0.4609375 0.037500000000000054 0.4609375
0 0.6281750632377741 0.9710423693086006 0.6068850126475548 0.9098334738617201 0.5727655986509275 0.9217010961214165 0.5940556492411467 0.9829099915682968
1 0.709375 0.2640625000000001 0.628125 0.2640625000000001 0.628125 0.4125 0.709375 0.4125
1 0.7375 0.6625000000000001 0.6203125 0.6625 0.6203125 0.7953125000000001 0.7375000000000002 0.7953125000000002