2 0.7703125000000002 0.753125 0.5671875000000002 0.753125 0.5671875000000002 0.89375 0.7703125000000002 0.89375
2 0.8078125000000002 0.8875000000000002 0.7773437500000001 0.8570312500000001 0.7117187500000002 0.9226562500000002 0.7421875000000002 0.9531250000000002
2 0.6359375 0.5281250000000001 0.6 0.4921875000000001 0.55078125 0.5414062500000002 0.58671875 0.5773437500000002
2 0.625 0.3890625000000001 0.5734375 0.3890625000000001 0.5734375 0.4953125 0.625 0.4953125
2 0.7541959269662921 0.8089009831460675 0.725316011235955 0.7626931179775281 0.5821980337078652 0.8521418539325843 0.6110779494382023 0.8983497191011237
2 0.17968750000000006 0.4640625 0.021875000000000054 0.4640625 0.021875000000000058 0.515625 0.17968750000000006 0.515625
2 0.9063701923076923 0.1650240384615384 0.897235576923077 0.15132211538461532 0.8806490384615383 0.16237980769230767 0.8897836538461537 0.17608173076923075
2 0.9455925707547168 0.2013708726415096 0.9311320754716981 0.19333726415094357 0.9005454009433962 0.24839327830188696 0.915005896226415 0.25642688679245296
2 0.15988175675675673 0.7014780405405405 0.15287162162162163 0.6594172297297297 0.1087837837837838 0.6667652027027027 0.11579391891891891 0.7088260135135135
2 0.7338942307692309 0.7632211538461539 0.7087019230769231 0.7191346153846154 0.5453125000000001 0.8125 0.5705048076923077 0.8565865384615383
2 0.46148750000000005 0.2641625 0.41913750000000005 0.2564625 0.41073750000000003 0.3026625 0.4530875 0.31036250000000004