0 0.34843750000000007 0.5609375 0.28593750000000007 0.5609375 0.28593750000000007 0.628125 0.34843750000000007 0.628125
0 0.6779411764705883 0.3320772058823529 0.6725183823529411 0.3103860294117647 0.6287683823529411 0.3213235294117647 0.6341911764705882 0.3430147058823529
0 0.8926067073170731 0.2615853658536585 0.8821265243902439 0.25320121951219504 0.8687118902439023 0.2699695121951219 0.8791920731707317 0.2783536585365853
0 0.8206827044688028 0.5168067559021922 0.8096358558178753 0.4939766020236086 0.7139860876897133 0.5402587478920741 0.7250329363406408 0.5630889017706576
0 0.6609913793103448 0.4118534482758621 0.6517241379310346 0.3886853448275862 0.5983836206896552 0.4100215517241379 0.6076508620689656 0.4331896551724138
0 0.6717452830188679 0.6842040094339622 0.6686143867924528 0.6675058962264151 0.6321049528301887 0.6743514150943396 0.6352358490566038 0.6910495283018867
0 0.6331249999999999 0.17750000000000005 0.6118750000000001 0.16687500000000002 0.6021875 0.18625000000000008 0.6234374999999999 0.19687500000000008
0 0.5125 5.912747827133314e-17 0.453125 5.5491808086364444e-17 0.453125 0.01875000000000006 0.5125 0.018750000000000062
0 0.7103125 0.6565624999999999 0.703125 0.6421875 0.6625 0.6625 0.6696875 0.676875
0 0.5732694575471698 0.4086350235849057 0.5710318396226415 0.35716981132075476 0.5057340801886793 0.36000884433962266 0.5079716981132075 0.4114740566037737
0 0.5247641509433961 0.25698702830188686 0.5209905660377357 0.24377948113207548 0.4601120283018867 0.2611733490566038 0.4638856132075471 0.27438089622641515
0 0.6904447115384615 0.7102764423076924 0.6703125 0.70625 0.66796875 0.71796875 0.6881009615384615 0.7219951923076924
0 0.5766047297297296 0.06431587837837846 0.5405405405405406 0.03855574324324333 0.527660472972973 0.05658783783783794 0.5637246621621621 0.08234797297297307
0 0.5951639344262294 0.12600922131147546 0.5454918032786885 0.10427766393442628 0.5228637295081968 0.1559989754098361 0.5725358606557377 0.17773053278688528
0 0.8692187499999999 0.29515624999999995 0.8637499999999999 0.27874999999999994 0.8323437499999999 0.28921874999999997 0.8378124999999998 0.305625
0 0.7421875 0.4156250000000002 0.72578125 0.3992187500000001 0.6890625 0.4359375000000002 0.70546875 0.45234375000000016
0 0.3703125 0.10937500000000004 0.36001838235294115 0.10680147058823534 0.35753676470588236 0.11672794117647063 0.36783088235294115 0.11930147058823534
0 0.8175000000000001 0.5118750000000001 0.8053508254716981 0.49411851415094343 0.7567305424528301 0.5273850235849057 0.7688797169811321 0.5451415094339623
0 0.18074656188605115 0.7203401277013753 0.12077603143418474 0.7067104616895875 0.11736861493123778 0.7217030943025542 0.1773391453831042 0.735332760314342
0 0.5862499999999999 0.7271875 0.5828125 0.7203125 0.5671875 0.728125 0.5706249999999999 0.735
0 0.5315624999999999 0.6615625 0.5215625 0.6415625000000001 0.4765625000000001 0.6640625000000001 0.48656250000000006 0.6840625
0 0.7212740384615385 0.47956730769230765 0.7102163461538462 0.46298076923076925 0.6817307692307693 0.4819711538461539 0.6927884615384616 0.4985576923076923
0 0.528485576923077 0.6372596153846154 0.5212740384615384 0.6264423076923076 0.49423076923076914 0.6444711538461537 0.5014423076923077 0.6552884615384615
0 0.34937500000000005 0.6034375000000001 0.33687500000000004 0.5784374999999999 0.29312499999999997 0.6003125 0.30562500000000004 0.6253125
0 0.24715073529411766 0.18170955882352946 0.20707720588235295 0.17169117647058826 0.20027573529411766 0.19889705882352943 0.2403492647058824 0.20891544117647065
0 0.2877403846153846 0.10348557692307696 0.2652043269230769 0.09897836538461542 0.25937499999999997 0.12812500000000002 0.2819110576923077 0.13263221153846155
0 0.140625 0.8718750000000002 0.13312499999999994 0.8568749999999999 0.09374999999999996 0.8765625 0.10125000000000002 0.8915625000000003
0 0.3875600961538462 0.6121995192307692 0.3605168269230769 0.6067908653846154 0.35552884615384617 0.6317307692307692 0.38257211538461544 0.6371394230769231
0 0.22788915094339632 0.7836379716981133 0.19321933962264162 0.7737323113207548 0.18891509433962272 0.788797169811321 0.22358490566037742 0.7987028301886794
0 0.596875 0.3390625000000001 0.5828125 0.3390625000000001 0.5828125 0.3500000000000001 0.596875 0.3500000000000001
0 0.6234375 0.703125 0.6188419117647058 0.6847426470588235 0.5846507352941177 0.6932904411764704 0.5892463235294118 0.7116727941176471
0 0.7177699704142013 0.19516457100591716 0.7040171967455622 0.16176497781065083 0.6558431952662721 0.18160133136094672 0.6695959689349111 0.21500092455621306
0 0.5169471153846155 0.34026442307692306 0.5037259615384616 0.3204326923076923 0.4799278846153846 0.3362980769230769 0.4931490384615384 0.3561298076923077
0 0.35847002262443445 0.40181702488687787 0.3007140837104073 0.399066742081448 0.2994944852941177 0.42467830882352964 0.35725042420814485 0.4274285916289594
0 0.4328125 0.2921875000000001 0.4109375 0.2921875000000001 0.4109375 0.3109375000000001 0.4328125 0.3109375000000001
0 0.5783827319587628 0.7134826030927837 0.5732280927835051 0.7000805412371134 0.5264255798969071 0.7180815077319588 0.531580219072165 0.7314835695876291
0 0.25891768292682926 0.28494664634146344 0.2444359756097561 0.2733612804878049 0.23178353658536582 0.2891768292682927 0.24626524390243895 0.30076219512195124
0 0.16562500000000008 0.753125 0.11875000000000009 0.753125 0.11875000000000009 0.7828125 0.16562500000000008 0.7828125
0 0.35625000000000007 0.31718750000000007 0.33125000000000004 0.29218750000000004 0.31953125 0.3039062500000001 0.34453125000000007 0.3289062500000001
0 0.8006249999999999 0.32937500000000003 0.7903125 0.30875 0.7659374999999999 0.32093750000000004 0.7762499999999999 0.34156250000000005
0 0.5959358808290156 0.419818652849741 0.5272546955958549 0.4017446567357513 0.5176611075129534 0.43820029145077727 0.586342292746114 0.4562742875647669
0 0.4696874999999999 0.6925000000000001 0.4621874999999999 0.686875 0.45299999999999996 0.6991250000000001 0.46049999999999996 0.7047500000000001
0 0.8225153688524589 0.6336065573770493 0.8116034836065575 0.6245133196721313 0.7927766393442623 0.6471055327868853 0.8036885245901638 0.6561987704918033
0 0.6206129807692308 0.6405649038461538 0.6158653846153846 0.616826923076923 0.5659855769230768 0.6268028846153846 0.570733173076923 0.6505408653846154
0 0.11825000000000005 0.8074375 0.09500000000000006 0.79 0.06368750000000012 0.8317499999999999 0.08693750000000011 0.8491875
0 0.7183277027027029 0.5755912162162162 0.7137246621621622 0.547972972972973 0.668116554054054 0.5555743243243244 0.6727195945945945 0.5831925675675675
0 0.33142930327868847 0.17697233606557378 0.3166752049180328 0.1646772540983607 0.2797899590163935 0.20893954918032792 0.29454405737704914 0.221234631147541
0 0.7567145270270271 0.5347128378378379 0.7466849662162162 0.5206714527027027 0.7144636824324323 0.5436866554054053 0.7244932432432434 0.5577280405405405
0 0.32005912162162165 0.2952702702702703 0.30989020270270273 0.2622212837837838 0.28628378378378383 0.2694847972972973 0.29645270270270274 0.3025337837837838
0 0.8552476290832454 0.4216619467860907 0.8012842465753425 0.37686215753424673 0.7135827186512118 0.4825026343519495 0.7675461011591148 0.5273024236037934