0 0.6140625 0.2531250000000001 0.534375 0.2531250000000001 0.534375 0.3078125000000001 0.6140625 0.3078125000000001
0 0.7015625 0.2765625000000001 0.6546875 0.2765625000000001 0.6546875 0.3218750000000001 0.7015625 0.3218750000000001
0 0.27660060975609757 0.530907012195122 0.26089939024390246 0.5112804878048781 0.2071646341463415 0.5542682926829269 0.22286585365853656 0.5738948170731708
0 0.6202417986425338 0.20320277149321275 0.5948105203619909 0.18008342760181004 0.5622878959276018 0.21585831447963807 0.5877191742081448 0.2389776583710408
0 0.60703125 0.5351562500000002 0.55390625 0.4820312500000002 0.5250000000000001 0.5109375 0.5781250000000001 0.5640625000000001
0 0.7138922451669596 0.6994205843585238 0.6323896089630933 0.6464438708260107 0.6012961335676626 0.6942799868189808 0.682798769771529 0.7472567003514939
0 0.4163935810810811 0.4778885135135136 0.4053800675675676 0.4420945945945946 0.3571790540540541 0.4569256756756757 0.3681925675675676 0.4927195945945947
0 0.6571514423076923 0.3107572115384616 0.6536057692307693 0.29302884615384617 0.6301682692307693 0.2977163461538462 0.6337139423076923 0.3154447115384616
0 0.39862132352941176 0.4336397058823529 0.3851102941176471 0.4111213235294118 0.3538602941176471 0.4298713235294119 0.36737132352941176 0.452389705882353
0 0.3122382614213198 0.4963356598984771 0.31055678934010145 0.47279505076142136 0.27824397208121826 0.47510310913705583 0.27992544416243653 0.4986437182741116
0 0.6859375000000002 0.81875 0.6515625000000002 0.81875 0.6515625000000002 0.834375 0.6859375000000002 0.834375
0 0.5828125 0.3671875000000001 0.521875 0.3671875000000001 0.521875 0.409375 0.5828125 0.409375
0 0.6368750000000001 0.47843749999999996 0.62875 0.46218750000000003 0.615 0.46906250000000005 0.623125 0.48531250000000004
0 0.24207920792079213 0.34327042079207926 0.20108292079207923 0.33917079207920797 0.199272896039604 0.35727103960396045 0.24026918316831689 0.36137066831683173
0 0.7137440286624204 0.26204219745222923 0.7024731289808918 0.2237211385350319 0.6503632563694268 0.239047571656051 0.6616341560509553 0.2773686305732484
0 0.4109375 0.49375 0.37968750000000007 0.49375 0.37968750000000007 0.5375 0.4109375 0.5375
0 0.6053124999999999 0.8387500000000003 0.4693125 0.7367500000000002 0.40856250000000005 0.8177500000000002 0.5445625 0.9197500000000002
0 0.4078125 0.27812500000000007 0.375 0.27812500000000007 0.375 0.32500000000000007 0.4078125 0.32500000000000007
0 0.2038849708171207 0.5456529669260701 0.16740637159533076 0.5433730544747082 0.16498054474708174 0.5821862840466926 0.20145914396887168 0.5844661964980544
0 0.4875 0.625 0.4328125 0.625 0.4328125 0.6640625 0.4875 0.6640625
0 0.328125 0.334375 0.2546875 0.334375 0.25468750000000007 0.3734375 0.32812500000000006 0.3734375
0 0.5606587136929462 0.34596732365145233 0.4843166493775934 0.3256094398340249 0.47236125518672195 0.3704421680497926 0.5487033195020747 0.39080005186722
0 0.5934134615384616 0.08862980769230779 0.5259134615384615 0.08019230769230776 0.5202644230769231 0.12538461538461543 0.5877644230769231 0.13382211538461547
0 0.7100084459459461 0.4930743243243246 0.6596537162162163 0.4564527027027028 0.6397212837837837 0.48385979729729744 0.6900760135135136 0.5204814189189192
0 0.409375 0.3375000000000001 0.37968750000000007 0.3375000000000001 0.37968750000000007 0.37968750000000007 0.409375 0.37968750000000007
0 0.35040625 0.38878124999999997 0.345875 0.35706249999999995 0.28331249999999997 0.366 0.28784374999999995 0.39771875
0 0.2650916104146576 0.5149665501446481 0.24916526036644165 0.4819762536162006 0.1585402603664417 0.5257262536162006 0.17446661041465766 0.558716550144648
0 0.640625 0.23437500000000008 0.515625 0.23437500000000008 0.515625 0.3046875000000001 0.640625 0.3046875000000001
0 0.50326057483731 0.2466174078091107 0.4714479392624728 0.2298739154013016 0.4436889913232104 0.28261591648590023 0.47550162689804765 0.2993594088937093
0 0.8106370192307691 0.5797475961538462 0.80625 0.5578125 0.7542668269230769 0.5682091346153847 0.7586538461538461 0.5901442307692308
0 0.6754206730769232 0.7583533653846155 0.6701923076923079 0.7322115384615385 0.6209134615384616 0.7420673076923078 0.626141826923077 0.7682091346153848
0 0.5606971153846152 0.580048076923077 0.5405048076923076 0.5665865384615385 0.5229567307692307 0.5929086538461539 0.5431490384615383 0.6063701923076923
0 0.7479999999999999 0.9343124999999999 0.7449749999999999 0.917675 0.7156874999999999 0.923 0.7187125 0.9396374999999999
0 0.5429054054054054 0.5074324324324324 0.536402027027027 0.4684121621621622 0.4388513513513514 0.48467060810810814 0.4453547297297297 0.5236908783783785
0 0.5196691176470589 0.6791360294117648 0.4435661764705882 0.6601102941176471 0.43051470588235297 0.7123161764705883 0.5066176470588235 0.731341911764706
0 0.6736799568965518 0.9052532327586207 0.6511314655172414 0.8526400862068965 0.5951239224137932 0.8766433189655173 0.6176724137931036 0.9292564655172415
0 0.5660946531791906 0.16882225433526016 0.4682893786127168 0.1537752890173411 0.46100975433526015 0.2010928468208093 0.5588150289017341 0.2161398121387284
0 0.39593750000000005 0.3934375 0.35796874999999995 0.38078124999999996 0.35062499999999996 0.4028125 0.38859375000000007 0.41546875000000005
0 0.4030937499999999 0.22790624999999998 0.40003124999999995 0.20646875000000003 0.3661249999999999 0.21131250000000001 0.3691874999999999 0.23274999999999996