0 0.4921875 0.3687500000000001 0.4484375 0.3687500000000001 0.4484375 0.421875 0.4921875 0.421875
0 0.40625000000000017 0.9515625 0.37187500000000007 0.9515625 0.37187500000000007 0.9859375 0.40625000000000017 0.9859375
0 0.703998161764706 0.38010110294117644 0.7012867647058825 0.3448529411764706 0.6507444852941177 0.3487408088235294 0.6534558823529413 0.3839889705882353
0 0.3961152522935779 0.3281966743119266 0.3916427752293578 0.3132884174311927 0.3578125 0.3234375 0.3622849770642202 0.338345756880734
0 0.5984375 0.2890625000000001 0.571875 0.2890625000000001 0.571875 0.3000000000000001 0.5984375 0.3000000000000001
0 0.5015625000000001 0.7671875 0.4734375000000002 0.7671875 0.4734375000000002 0.8109375 0.5015625000000001 0.8109375
0 0.6328125 0.2890625000000001 0.6171875 0.2890625000000001 0.6171875 0.3046875000000001 0.6328125 0.3046875000000001
0 0.6336336678832117 0.7710082116788324 0.5908645072992702 0.7510492700729929 0.578090784671533 0.7784215328467156 0.6208599452554745 0.798380474452555
0 0.6394230769230769 0.9372596153846153 0.6182692307692308 0.9055288461538462 0.5977163461538462 0.9192307692307693 0.6188701923076924 0.9509615384615385
0 0.4258384146341463 0.12785823170731708 0.3533841463414634 0.11233231707317078 0.35000000000000003 0.12812500000000004 0.42245426829268284 0.1436509146341464
0 0.6484375 0.30937500000000007 0.5921875 0.30937500000000007 0.5921875 0.3312500000000001 0.6484375 0.3312500000000001
0 0.5201858108108108 0.952322635135135 0.4961148648648651 0.9483108108108109 0.4899915540540542 0.985050675675676 0.5140625000000001 0.9890625000000002
0 0.446875 0.428125 0.409375 0.428125 0.409375 0.4484375 0.446875 0.4484375
0 0.32587652439024395 0.6578887195121952 0.32400914634146344 0.6410823170731706 0.2994855182926829 0.6438071646341463 0.3013528963414634 0.6606135670731708
0 0.5185038860103626 0.6943102331606218 0.48604598445595854 0.6730877590673574 0.44803270725388594 0.731225712435233 0.4804906088082901 0.7524481865284974
0 0.40625 0.4578125 0.37968750000000007 0.4578125 0.37968750000000007 0.4734375 0.40625 0.4734375
0 0.6323750000000002 0.7983750000000003 0.6126875000000002 0.7955625000000003 0.6110937500000001 0.8067187500000002 0.6307812500000002 0.8095312500000003
0 0.521875 0.453125 0.496875 0.453125 0.496875 0.475 0.521875 0.475
0 0.4070625 0.1775625 0.3728125 0.15187499999999998 0.35162499999999997 0.180125 0.385875 0.20581250000000004
0 0.6848909198113209 0.6709463443396226 0.6329510613207548 0.6686880896226416 0.6322199292452831 0.6855041273584906 0.6841597877358491 0.6877623820754717
0 0.3209375 0.8262499999999999 0.313125 0.8106250000000002 0.3 0.8171875 0.3078125 0.8328125
0 0.4102075729927008 0.270757299270073 0.38122718978102194 0.26021897810218986 0.3757071167883212 0.2753991788321169 0.4046875 0.28593750000000007
0 0.054843750000000024 0.33859374999999997 0.038906250000000045 0.33328125 0.03515625000000004 0.34453125 0.05109375000000003 0.34984374999999995
0 0.7031250000000002 0.7296875 0.6687500000000002 0.7296875 0.6687500000000002 0.7734375 0.7031250000000002 0.7734375
0 0.6425091911764705 0.37918198529411756 0.6345128676470588 0.3658547794117646 0.6092371323529411 0.38102022058823515 0.6172334558823529 0.3943474264705881
0 0.574579326923077 0.8755408653846155 0.5307091346153847 0.866766826923077 0.525360576923077 0.8935096153846155 0.5692307692307693 0.9022836538461538
0 0.48542208961010197 0.32809350077536553 0.4841638513513514 0.31123310810810817 0.3577225022153301 0.32066902968542316 0.3589807404740807 0.3375294223526805
0 0.51875 0.428125 0.4984375 0.428125 0.4984375 0.44375 0.51875 0.44375
0 0.3102909482758621 0.2952586206896552 0.30436422413793107 0.2804418103448275 0.2919719827586207 0.28539870689655167 0.29789870689655173 0.30021551724137935
0 0.4546875 0.553125 0.40625 0.553125 0.40625 0.5734375 0.4546875 0.5734375
0 0.43765624999999997 0.17609375000000005 0.41187500000000005 0.16750000000000004 0.40843750000000006 0.17781250000000007 0.43421875 0.18640625000000005
0 0.4023437500000001 0.5960937500000001 0.3820312500000001 0.5757812500000001 0.37109375000000006 0.5867187500000002 0.39140625000000007 0.6070312500000001
0 0.6859375 0.5890625 0.646875 0.5890625 0.646875 0.6296875 0.6859375 0.6296875
0 0.6190748762376239 0.5326887376237625 0.5960241336633665 0.5303836633663367 0.5949102722772278 0.5415222772277228 0.6179610148514854 0.5438273514851486
0 0.6185243435448577 0.23084655361050327 0.6085681072210065 0.17857631291028447 0.5145821936542669 0.1964783916849015 0.5245384299781182 0.24874863238512032
0 0.32072115384615385 0.36704326923076924 0.2949519230769231 0.3638221153846154 0.29254807692307694 0.3830528846153846 0.3183173076923077 0.3862740384615385
0 0.37061298076923077 0.5358774038461539 0.3670072115384615 0.5178485576923078 0.3369591346153847 0.5238581730769232 0.3405649038461539 0.5418870192307693
0 0.5453125 0.4375 0.53125 0.4375 0.53125 0.4484375 0.5453125 0.4484375
0 0.6156250000000002 0.9859375 0.5843750000000002 0.9859375 0.5843750000000002 0.9984375 0.6156250000000002 0.9984375
0 0.4521634615384616 0.9844951923076923 0.44086538461538466 0.967548076923077 0.411298076923077 0.9872596153846155 0.42259615384615384 1.0042067307692308
0 0.6552884615384615 0.8563701923076923 0.6411658653846155 0.8535456730769232 0.6341947115384616 0.8884014423076924 0.6483173076923077 0.8912259615384615
0 0.4452205882352942 0.6753676470588237 0.4330882352941178 0.6723345588235297 0.4306066176470589 0.6822610294117648 0.4427389705882353 0.6852941176470588
0 0.454225 0.4107375000000001 0.4527 0.40235000000000004 0.43042499999999995 0.4064000000000001 0.43194999999999995 0.4147875000000001
0 0.3125000000000001 0.465625 0.2765625000000001 0.465625 0.2765625000000001 0.4828125 0.3125000000000001 0.4828125
0 0.26875 0.296875 0.2515625 0.296875 0.2515625 0.3140625 0.26875 0.3140625
0 0.5364387798634813 0.6551141211604096 0.503348976109215 0.6512212030716723 0.5006292662116041 0.6743387372013653 0.5337190699658704 0.6782316552901025
0 0.654164201183432 0.3222559171597633 0.6263036242603551 0.28999630177514796 0.5608487426035503 0.3465255177514793 0.5887093195266272 0.37878513313609463
0 0.6446562499999999 0.15165625 0.64178125 0.13153125 0.61028125 0.13603125 0.61315625 0.15615625
0 0.5796875000000001 0.746875 0.5546875000000002 0.746875 0.5546875000000002 0.7609375 0.5796875000000001 0.7609375
0 0.43546580188679246 0.2250884433962265 0.409876179245283 0.2177771226415095 0.40598466981132075 0.23139740566037745 0.4315742924528302 0.23870872641509444
0 0.734375 0.5671875000000001 0.7109375 0.5671875 0.7109375 0.6109375000000001 0.734375 0.6109375000000001
0 0.490625 0.4203125 0.4640625 0.4203125 0.4640625 0.44375 0.490625 0.44375
0 0.5010135135135136 0.41701858108108103 0.49235641891891896 0.3650760135135135 0.4366131756756756 0.37436655405405406 0.4452702702702703 0.42630912162162166
0 0.615625 0.21093750000000008 0.5203125 0.21093750000000008 0.5203125 0.24218750000000008 0.615625 0.24218750000000008
0 0.5859375000000002 0.91875 0.5468750000000002 0.91875 0.5468750000000002 0.9453125 0.5859375000000002 0.9453125
0 0.6699026639344263 0.7107581967213115 0.649282786885246 0.686014344262295 0.625 0.7062499999999999 0.6456198770491803 0.7309938524590163
0 0.5709521812080538 0.2999790268456376 0.5682938338926176 0.28491505872483225 0.5252411912751678 0.2925125838926175 0.527899538590604 0.3075765520134228
0 0.4096875 0.913125 0.40750000000000003 0.8978124999999999 0.38234375 0.9014062499999997 0.38453125000000005 0.9167187499999999
0 0.6670312500000001 0.5301562500000001 0.62390625 0.5157812500000001 0.61640625 0.53828125 0.65953125 0.5526562500000001
0 0.6664260786802031 0.5231598984771573 0.596581535532995 0.518171002538071 0.5948604060913706 0.5422668147208123 0.6647049492385787 0.5472557106598985
0 0.39774377593361004 0.43346084024896275 0.3417271784232365 0.41852308091286317 0.33104253112033194 0.45859050829875525 0.38705912863070546 0.47352826763485484
0 0.41826858108108117 0.8839864864864865 0.3945523648648649 0.8766891891891891 0.3831672297297297 0.9136908783783785 0.40688344594594594 0.9209881756756758
0 0.4132621951219512 0.205297256097561 0.400876524390244 0.19538871951219514 0.39554115853658545 0.20205792682926832 0.40792682926829266 0.21196646341463418
0 0.6367187500000001 0.8585937500000004 0.6218750000000001 0.8437500000000003 0.6132812500000001 0.8523437500000004 0.628125 0.8671875000000003
0 0.45312500000000017 0.83125 0.4203125000000002 0.83125 0.4203125000000002 0.8515625 0.45312500000000017 0.8515625