3 0.30156250000000007 0.7125 0.1750000000000001 0.7125 0.1750000000000001 0.8421875 0.30156250000000007 0.8421875
0 0.515625 0.20312500000000008 0.425 0.20312500000000008 0.425 0.3281250000000001 0.515625 0.3281250000000001
0 0.20975506756756773 0.6555320945945946 0.19353885135135146 0.652829391891892 0.18956925675675687 0.6766469594594595 0.20578547297297306 0.6793496621621622
0 0.3060697115384617 0.9134014423076924 0.27662259615384627 0.9075120192307693 0.27163461538461553 0.932451923076923 0.30108173076923095 0.938341346153846
0 0.1173 0.35921250000000005 0.1117 0.32841250000000005 0.0744375 0.3351875 0.0800375 0.3659875
0 0.3878605769230769 0.7330528846153846 0.3694711538461538 0.7207932692307694 0.3514423076923077 0.7478365384615385 0.3698317307692308 0.7600961538461538
0 0.541627358490566 0.1253832547169812 0.5189416273584906 0.11278007075471705 0.4943985849056604 0.1569575471698114 0.5170843160377359 0.16956073113207554
0 0.46334134615384615 0.2213942307692308 0.449639423076923 0.2122596153846154 0.42223557692307684 0.25336538461538466 0.4359374999999999 0.26250000000000007
0 0.5256926546391754 0.3503865979381444 0.5082071520618558 0.3436614046391753 0.48537371134020624 0.403028350515464 0.5028592139175257 0.409753543814433
0 0.36194349315068497 0.5415881849315068 0.33454623287671237 0.5313142123287672 0.32780393835616445 0.5492936643835618 0.35520119863013705 0.5595676369863014
0 0.16193965517241377 0.4198383620689656 0.15850215517241378 0.37858836206896557 0.12966594827586203 0.3809913793103449 0.13310344827586204 0.4222413793103449
0 0.5110937499999999 0.26453125 0.49421874999999993 0.21390624999999996 0.47171874999999996 0.22140624999999994 0.48859375 0.27203125
0 0.293455653526971 0.833974325726141 0.24102567427385893 0.774705653526971 0.20269320539419086 0.8086151452282158 0.25512318464730294 0.867883817427386
0 0.48431096311475424 0.397579405737705 0.4661372950819674 0.39592725409836077 0.46285860655737715 0.43199282786885257 0.481032274590164 0.4336449795081968
0 0.16875000000000004 0.2375 0.15312500000000004 0.2375 0.15312500000000004 0.265625 0.16875000000000004 0.265625
0 0.21921875000000002 0.9170312500000002 0.20890625000000002 0.88609375 0.19203125000000004 0.8917187500000001 0.20234375000000004 0.9226562500000002
0 0.4518750000000001 0.33531250000000007 0.43624999999999997 0.3275 0.4175 0.36500000000000005 0.4331250000000001 0.3728125000000001
0 0.09218750000000005 0.7562500000000001 0.07812500000000004 0.7281250000000001 0.057500000000000016 0.7384375000000001 0.07156250000000001 0.7665625
0 0.08725000000000006 0.44393749999999993 0.031250000000000056 0.4359374999999999 0.01893750000000005 0.522125 0.07493750000000006 0.530125
0 0.3421875000000001 0.559375 0.32500000000000007 0.559375 0.32500000000000007 0.5765625 0.3421875000000001 0.5765625
0 0.42808189655172413 0.8838577586206895 0.4257435344827586 0.8557974137931035 0.41384698275862064 0.8567887931034484 0.4161853448275862 0.8848491379310344
0 0.2957499999999999 0.2594375000000001 0.2905499999999999 0.23083750000000008 0.27349999999999997 0.23393750000000005 0.27869999999999995 0.26253750000000003
0 0.526624548736462 0.4884645758122743 0.4892599277978339 0.4303418321299638 0.46327842960288806 0.44704422382671477 0.5006430505415161 0.5051669675090252
0 0.2000000000000001 0.3796875 0.17500000000000004 0.3796875 0.17500000000000004 0.421875 0.2000000000000001 0.421875
0 0.2178768382352941 0.5629136029411764 0.19673713235294119 0.5502297794117647 0.17123161764705888 0.5927389705882352 0.19237132352941178 0.605422794117647
0 0.09531250000000006 0.5578125 0.07343750000000007 0.5578125 0.07343750000000007 0.578125 0.09531250000000006 0.578125
0 0.3681021341463414 0.9355182926829269 0.35910823170731704 0.9242759146341463 0.3381478658536585 0.9410442073170732 0.3471417682926829 0.9522865853658538
0 0.3170492256637168 0.5854258849557522 0.3106056415929203 0.48877212389380525 0.24381913716814158 0.49322455752212385 0.250262721238938 0.5898783185840708
0 0.08477417883211683 0.3178946167883212 0.06980497262773726 0.3109089872262774 0.04673243613138689 0.3603501368613139 0.06170164233576645 0.3673357664233577
0 0.16211993243243245 0.43665540540540543 0.12690033783783788 0.4307854729729731 0.11760979729729737 0.48652871621621624 0.15282939189189193 0.4923986486486486
0 0.1703125000000001 0.55625 0.1359375000000001 0.55625 0.1359375000000001 0.6015625 0.1703125000000001 0.6015625
0 0.1310661764705882 0.6508272058823529 0.12647058823529414 0.6324448529411765 0.11654411764705883 0.6349264705882353 0.12113970588235294 0.6533088235294117
0 0.13829405737704917 0.7334528688524591 0.10794057377049175 0.6970286885245902 0.0793545081967213 0.7208504098360656 0.1097079918032787 0.7572745901639344
0 0.11185661764705886 0.4943014705882353 0.10707720588235296 0.4751838235294118 0.09200367647058823 0.478952205882353 0.0967830882352941 0.49806985294117656
0 0.2517393867924529 0.7306308962264152 0.22780070754716997 0.7237912735849057 0.2213148584905662 0.7464917452830189 0.24525353773584913 0.7533313679245284
0 0.1859375000000001 0.65 0.14843750000000008 0.65 0.14843750000000008 0.684375 0.1859375000000001 0.684375
0 0.28446465163934426 0.815048668032787 0.27862448770491804 0.7508068647540984 0.2601690573770492 0.752484631147541 0.2660092213114754 0.8167264344262296
0 0.2109375 0.3046875 0.14062500000000006 0.3046875 0.14062500000000006 0.365625 0.21093750000000006 0.365625
0 0.5026117700729926 0.28773950729927006 0.4805371806569344 0.24043681569343067 0.4221145072992701 0.26770072992700733 0.44418909671532847 0.31500342153284666
0 0.46203037029016897 0.19810524036379384 0.4419865201385881 0.10389914465136423 0.39431098419229094 0.1140428757037679 0.41435483434387177 0.20824897141619753
0 0.36857839595375724 0.40904082369942196 0.23465950144508674 0.3108336343930636 0.1636741329479769 0.40763186416184977 0.2975930274566474 0.5058390534682081
0 0.08052884615384617 0.6411057692307693 0.06706730769230766 0.6209134615384616 0.04074519230769229 0.6384615384615385 0.05420673076923079 0.6586538461538461
0 0.2890625 0.278125 0.2426297169811321 0.2648584905660377 0.22783018867924526 0.3166568396226416 0.2742629716981132 0.32992334905660387
0 0.0750000000000001 0.6812500000000001 0.060576923076923174 0.6716346153846156 0.04831730769230776 0.6900240384615385 0.06274038461538467 0.6996394230769232
0 0.21250000000000008 0.6140625 0.17968750000000008 0.6140625 0.17968750000000008 0.64375 0.21250000000000008 0.64375
0 0.2563701923076923 0.5728365384615385 0.23449519230769234 0.5400240384615385 0.21105769230769234 0.5556490384615385 0.23293269230769234 0.5884615384615385
0 0.2531250000000001 0.4640625 0.22656250000000008 0.4640625 0.22656250000000008 0.528125 0.2531250000000001 0.528125
0 0.1272301557863502 0.41681194362017815 0.10039642062314542 0.40929849777448074 0.08413622032640952 0.46737064169139464 0.1109699554896143 0.47488408753709194
0 0.33485576923076926 0.8960336538461539 0.3088942307692307 0.8570913461538462 0.2832932692307692 0.8741586538461539 0.30925480769230773 0.9131009615384615
0 0.3536692415730337 0.36537921348314606 0.3380266853932584 0.2975948033707865 0.30196629213483145 0.30591643258426965 0.31760884831460673 0.3737008426966292
0 0.25585129310344823 0.9514655172413795 0.2520150862068965 0.905431034482759 0.22356681034482756 0.9078017241379314 0.22740301724137932 0.9538362068965519
0 0.05765348451327433 0.5804272676991149 0.05381637168141593 0.5228705752212389 0.030586283185840706 0.5244192477876106 0.034423396017699115 0.5819759402654866
0 0.13125000000000003 0.94375 0.12022058823529413 0.8996323529411763 0.09595588235294117 0.9056985294117645 0.10698529411764705 0.9498161764705882
0 0.33418750000000014 0.48881250000000015 0.29371875000000014 0.48303125000000013 0.28712500000000013 0.5291875000000001 0.32759375000000013 0.5349687500000001
0 0.290625 0.8734375 0.276875 0.8459375000000001 0.2625 0.853125 0.27625 0.8806249999999999
0 0.18750000000000014 0.9171875 0.17187500000000014 0.9171875 0.17187500000000014 0.9546875 0.18750000000000014 0.9546875
0 0.38538602941176475 0.8852941176470589 0.3785845588235294 0.8580882352941176 0.3590992647058823 0.8629595588235294 0.36590073529411765 0.8901654411764707
0 0.47407094594594595 0.3555743243243244 0.4553209459459461 0.3524493243243244 0.44793074324324333 0.39679054054054064 0.46668074324324327 0.3999155405405406
0 0.39638831967213123 0.8493340163934426 0.37364241803278697 0.8303790983606557 0.361219262295082 0.8452868852459016 0.38396516393442626 0.8642418032786885
0 0.1306352459016394 0.5723872950819673 0.10217725409836073 0.5698002049180328 0.0993340163934427 0.6010758196721312 0.12779200819672137 0.6036629098360656
0 0.2365625 0.5206250000000001 0.21781250000000002 0.5112500000000001 0.2090625 0.52875 0.22781250000000003 0.5381250000000001
0 0.43969944267515915 0.3243531050955414 0.40050756369426754 0.3029757165605096 0.38850517515923566 0.3249800955414013 0.4276970541401274 0.3463574840764331
0 0.23500000000000001 0.27375000000000005 0.21375000000000002 0.26312500000000005 0.1934375 0.3037500000000001 0.2146875 0.314375