0 0.44062500000000016 0.9 0.40937500000000016 0.9 0.40937500000000016 0.9203125 0.44062500000000016 0.9203125
0 0.3890625000000001 0.8515625 0.3531250000000001 0.8515625 0.3531250000000001 0.8765625 0.3890625000000001 0.8765625
0 0.4359375000000002 0.8375 0.3968750000000001 0.8375 0.3968750000000001 0.86875 0.4359375000000002 0.86875
0 0.3343750000000001 0.7953125 0.3078125000000001 0.7953125 0.3078125000000001 0.815625 0.3343750000000001 0.815625
0 0.3468750000000001 0.7484375 0.3109375000000001 0.7484375 0.3109375000000001 0.7734375 0.3468750000000001 0.7734375
0 0.30937500000000007 0.7421875 0.2750000000000001 0.7421875 0.2750000000000001 0.7640625 0.30937500000000007 0.7640625
0 0.2687500000000001 0.75 0.23437500000000008 0.75 0.23437500000000008 0.775 0.2687500000000001 0.775
0 0.3671875000000001 0.7109375 0.33281250000000007 0.7109375 0.33281250000000007 0.7375 0.3671875000000001 0.7375
0 0.4593750000000002 0.7828125 0.42968750000000017 0.7828125 0.42968750000000017 0.809375 0.4593750000000002 0.809375
0 0.4343750000000002 0.76875 0.40937500000000016 0.76875 0.40937500000000016 0.79375 0.4343750000000002 0.79375
0 0.5265625000000002 0.8921875 0.4937500000000002 0.8921875 0.4937500000000002 0.915625 0.5265625000000002 0.915625
0 0.5156250000000002 0.8546875 0.4828125000000002 0.8546875 0.4828125000000002 0.88125 0.5156250000000002 0.88125
1 0.24218750000000006 0.296875 0.07031250000000004 0.296875 0.07031250000000004 0.45 0.24218750000000008 0.45
1 0.29375000000000007 0.546875 0.2484375000000001 0.546875 0.2484375000000001 0.5859375 0.29375000000000007 0.5859375
1 0.2609375000000001 0.53125 0.2140625000000001 0.53125 0.2140625000000001 0.5640625 0.2609375000000001 0.5640625
1 0.2921875000000001 0.5 0.2562500000000001 0.5 0.2562500000000001 0.53125 0.2921875000000001 0.53125
1 0.571875 0.5546875 0.4875 0.5546875 0.4875 0.6265625 0.571875 0.6265625
1 0.5734375 0.18281250000000007 0.4578125 0.18281250000000004 0.4578125 0.2906250000000001 0.5734375 0.2906250000000001
3 0.70625 0.042187500000000086 0.66875 0.04218750000000008 0.66875 0.0750000000000001 0.70625 0.0750000000000001
3 0.69375 0.1218750000000001 0.66875 0.1218750000000001 0.66875 0.14218750000000008 0.69375 0.14218750000000008
3 0.7625 0.08593750000000008 0.71875 0.08593750000000008 0.71875 0.12343750000000009 0.7625 0.12343750000000009
3 0.6015625 0.050000000000000065 0.578125 0.050000000000000065 0.578125 0.07343750000000007 0.6015625 0.07343750000000007
1 0.5 0.014062500000000052 0.365625 0.014062500000000044 0.365625 0.09531250000000005 0.5 0.09531250000000006