3 0.6390625 0.5171875 0.63125 0.5171875 0.63125 0.534375 0.6390625 0.534375
3 0.4765625000000001 0.6031250000000001 0.46953125000000007 0.5960937500000002 0.46171875000000007 0.6039062500000001 0.4687500000000001 0.6109375000000001
3 0.7718750000000001 0.484375 0.7684375000000001 0.47750000000000004 0.7621875 0.480625 0.765625 0.4875
3 0.7328125 0.5359375000000001 0.725 0.5359375 0.725 0.5437500000000001 0.7328125 0.5437500000000002
3 0.6388935810810812 0.5213260135135137 0.6328125000000001 0.5203125000000002 0.6311233108108109 0.5304476351351353 0.637204391891892 0.5314611486486488
3 0.61875 0.5046875 0.6125 0.5046875 0.6125 0.515625 0.61875 0.515625
3 0.7109375 0.4265625 0.7046875 0.4265625 0.7046875 0.434375 0.7109375 0.434375
3 0.6875 0.54375 0.6765625 0.54375 0.6765625 0.5578125 0.6875 0.5578125
3 0.5234375 0.5578125 0.515625 0.5578125 0.515625 0.56875 0.5234375 0.56875
3 0.7787683823529413 0.5583639705882354 0.7721507352941176 0.5567095588235296 0.7696691176470587 0.5666360294117647 0.7762867647058824 0.5682904411764707
3 0.7734375 0.5421875000000002 0.7609375 0.5421875000000002 0.7609375 0.5515625000000002 0.7734375 0.5515625000000002
3 0.57953125 0.6020312500000001 0.57109375 0.59921875 0.5684375 0.6071875 0.576875 0.6100000000000001
3 0.6 0.60625 0.5890625 0.60625 0.5890625 0.61875 0.6 0.61875
3 0.30156250000000007 0.5734375 0.2921875000000001 0.5734375 0.2921875000000001 0.584375 0.30156250000000007 0.584375
3 0.508125 0.5384374999999999 0.5050000000000001 0.5290625 0.4970312499999999 0.53171875 0.50015625 0.54109375
3 0.5866131756756758 0.552195945945946 0.5782516891891892 0.5508023648648649 0.5763513513513514 0.562204391891892 0.584712837837838 0.5635979729729731
3 0.6662683823529412 0.5666360294117647 0.6644301470588234 0.559283088235294 0.6578125000000001 0.5609374999999999 0.6596507352941178 0.5682904411764705
3 0.534375 0.55625 0.528125 0.55625 0.528125 0.5625 0.534375 0.5625
3 0.521875 0.50625 0.5140625 0.50625 0.5140625 0.5171875 0.521875 0.5171875
3 0.6015625 0.5609375 0.5953125 0.5609375 0.5953125 0.571875 0.6015625 0.571875
3 0.5677884615384615 0.6016826923076924 0.5620192307692308 0.5930288461538462 0.5548076923076922 0.5978365384615385 0.560576923076923 0.6064903846153847
3 0.6244485294117645 0.6118566176470587 0.6221507352941176 0.6026654411764705 0.6151654411764705 0.6044117647058822 0.6174632352941176 0.6136029411764705
3 0.4328125 0.6140625000000001 0.42484374999999996 0.6114062500000002 0.42125 0.6221875000000001 0.4292187500000001 0.62484375
3 0.58125 0.496875 0.575 0.496875 0.575 0.5046875 0.58125 0.5046875
3 0.5515625 0.5359375 0.5453125 0.5359375 0.5453125 0.5453125 0.5515625 0.5453125
3 0.5646634615384615 0.5876201923076922 0.5596153846153846 0.5800480769230769 0.5527644230769231 0.5846153846153845 0.5578125 0.5921874999999999
3 0.7578125 0.5171875000000001 0.7453125 0.5171875000000001 0.7453125 0.5343750000000002 0.7578125 0.5343750000000002
3 0.7112499999999999 0.5178125 0.7056250000000001 0.5159374999999999 0.70375 0.5215625000000002 0.7093749999999999 0.5234375
3 0.41039663461538467 0.6160456730769232 0.4085336538461538 0.6067307692307693 0.40282451923076923 0.6078725961538461 0.4046875 0.6171875
3 0.671875 0.4828125 0.665625 0.4828125 0.665625 0.49375 0.671875 0.49375
3 0.66875 0.5437500000000002 0.6668870192307692 0.5344350961538462 0.6590745192307693 0.5359975961538462 0.6609375000000001 0.5453125000000002
3 0.684375 0.5296875 0.678125 0.5296875 0.678125 0.5375 0.684375 0.5375
3 0.5265625 0.478125 0.515625 0.478125 0.515625 0.4890625 0.5265625 0.4890625
3 0.596875 0.584375 0.5923677884615385 0.5834735576923077 0.590625 0.5921875 0.5951322115384616 0.5930889423076924
3 0.7852163461538463 0.5129807692307693 0.7783052884615385 0.5115985576923078 0.7763221153846154 0.5215144230769232 0.7832331730769232 0.5228966346153847
3 0.6484375 0.565625 0.640625 0.565625 0.640625 0.5765625 0.6484375 0.5765625
3 0.6328125 0.609375 0.6265625 0.609375 0.6265625 0.6203125 0.6328125 0.6203125
3 0.778125 0.5296875000000002 0.771875 0.5296875000000002 0.771875 0.5359375000000002 0.778125 0.5359375000000002
3 0.7549879807692308 0.3938100961538462 0.7501802884615384 0.3928485576923077 0.7483173076923075 0.4021634615384616 0.753125 0.40312500000000007
3 0.64375 0.5375 0.6359375 0.5375 0.6359375 0.5484375 0.64375 0.5484375
3 0.8046875 0.5343750000000002 0.796875 0.5343750000000002 0.796875 0.5453125000000002 0.8046875 0.5453125000000002
3 0.705 0.57125 0.6968750000000001 0.5671875000000001 0.6934375000000002 0.5740625000000001 0.7015625 0.5781250000000001
3 0.6570312500000001 0.5835937500000001 0.6500000000000001 0.5812500000000002 0.64765625 0.5882812500000002 0.6546875000000001 0.5906250000000002
3 0.5241250000000001 0.39387500000000014 0.5116250000000001 0.3845000000000002 0.5069375 0.39075000000000015 0.5194375000000001 0.4001250000000002
3 0.6078125 0.575 0.6 0.575 0.6 0.584375 0.6078125 0.584375
3 0.7046875 0.5546875 0.696875 0.5546875 0.696875 0.5640625 0.7046875 0.5640625
3 0.6296875 0.48125 0.625 0.48125 0.625 0.4921875 0.6296875 0.4921875
3 0.4647058823529413 0.5989889705882353 0.4569852941176471 0.5970588235294119 0.4547794117647059 0.6058823529411766 0.4625000000000001 0.6078125000000002
3 0.7009615384615384 0.4969951923076925 0.6930288461538462 0.491706730769231 0.6889423076923077 0.4978365384615387 0.6968749999999999 0.5031250000000002
3 0.6968749999999999 0.5140625 0.690625 0.5078125000000002 0.6859375 0.5125000000000002 0.6921875 0.51875
3 0.6859375 0.4828125 0.68125 0.4828125 0.68125 0.4921875 0.6859375 0.4921875
3 0.4410456730769231 0.6150841346153847 0.4332331730769231 0.6135216346153847 0.43125 0.6234375 0.4390625 0.625
3 0.73515625 0.60078125 0.72890625 0.5945312500000002 0.725 0.5984375000000002 0.73125 0.6046875