0 0.7234999999999999 0.6879375 0.71990625 0.66278125 0.6798749999999999 0.6685 0.68346875 0.6936562499999999
0 0.7647629310344828 0.4869073275862069 0.7174299568965518 0.4666217672413794 0.7074084051724139 0.49000538793103454 0.7547413793103448 0.5102909482758621
0 0.5536515410958904 0.4342208904109589 0.486787243150685 0.4317444349315068 0.48502140410958916 0.47942208904109596 0.5518857020547946 0.48189854452054803
0 0.6379849137931034 0.43011853448275855 0.6325969827586206 0.41664870689655176 0.5946120689655172 0.43184267241379304 0.6 0.4453124999999999
0 0.30985576923076924 0.7225961538461539 0.288701923076923 0.6908653846153847 0.2667067307692307 0.7055288461538463 0.287860576923077 0.7372596153846155
0 0.6504977876106194 0.9394081858407081 0.6323008849557523 0.918611725663717 0.6202433628318584 0.929162057522124 0.6384402654867256 0.949958517699115
0 0.6968028846153846 0.30754807692307706 0.6362259615384616 0.27293269230769235 0.5899759615384614 0.3538701923076924 0.6505528846153845 0.38848557692307706
0 0.5009375 0.25968750000000007 0.49312500000000004 0.2440625 0.46687500000000004 0.25718749999999996 0.4746875000000001 0.2728125
0 0.5953125 0.509375 0.5578125 0.509375 0.5578125 0.534375 0.5953125 0.534375
0 0.6046875000000002 0.75625 0.5671875000000002 0.75625 0.5671875000000002 0.790625 0.6046875000000002 0.790625
0 0.8060845588235293 0.4334007352941178 0.7757536764705881 0.3980147058823531 0.7552941176470587 0.4155514705882354 0.7856249999999999 0.4509375000000002
0 0.5909323770491803 0.3309938524590164 0.5730020491803278 0.3094774590163934 0.5253586065573771 0.3491803278688524 0.5432889344262295 0.3706967213114754
0 0.5963011615044248 0.6679825774336283 0.560107853982301 0.6655696902654867 0.5585730088495576 0.6885923672566372 0.5947663163716814 0.6910052544247789
0 0.6950110340479194 0.5995684899117276 0.6886585750315259 0.5781289407313998 0.6359375 0.59375 0.6422899590163935 0.6151895491803279
0 0.7953125 0.5312500000000002 0.7796875 0.5312500000000002 0.7796875 0.5468750000000002 0.7953125 0.5468750000000002
0 0.5968750000000002 0.946875 0.5734375000000002 0.946875 0.5734375000000002 0.965625 0.5968750000000002 0.965625
0 0.2318074324324325 0.6566554054054055 0.16203547297297308 0.6059121621621621 0.13940033783783784 0.6370354729729731 0.20917229729729728 0.6877787162162164
0 0.2856875 0.6095624999999999 0.26075000000000004 0.606 0.2568750000000001 0.6331249999999999 0.2818125 0.6366875
0 0.65234375 0.26640625 0.649390243902439 0.2398246951219512 0.6222942073170732 0.24283536585365853 0.6252477134146341 0.2694169207317073
0 0.7616346153846155 0.8537980769230769 0.7443870192307693 0.831622596153846 0.7292427884615386 0.8434014423076922 0.7464903846153847 0.865576923076923
0 0.7390625 0.43437500000000007 0.7046875 0.434375 0.7046875 0.4515625000000001 0.7390625 0.4515625000000002
0 0.3468198529411765 0.6572794117647061 0.32068014705882353 0.6514705882352942 0.3131801470588235 0.6852205882352942 0.3393198529411765 0.6910294117647059
0 0.5515625 0.4359375 0.490625 0.4359375 0.490625 0.4546875 0.5515625 0.4546875
0 0.3390625000000001 0.421875 0.2921875000000001 0.421875 0.2921875000000001 0.44375 0.3390625000000001 0.44375
0 0.37828691709844564 0.7240527849740934 0.32495142487046647 0.6929404145077722 0.29746599740932655 0.7400582901554407 0.3508014896373058 0.7711706606217618
0 0.5614949324324324 0.41615709459459477 0.5388766891891892 0.4091976351351353 0.5351942567567568 0.4211655405405407 0.5578125 0.4281250000000001
0 0.5957932692307693 0.7508413461538461 0.5887620192307692 0.715685096153846 0.5515024038461538 0.7231370192307691 0.5585336538461538 0.7582932692307692
0 0.410625 0.780625 0.39437500000000003 0.7481249999999999 0.37374999999999997 0.7584375 0.39 0.7909375000000001
0 0.8469274328859061 0.627307046979866 0.8266673657718121 0.5983640939597314 0.8062185402684563 0.6126782718120806 0.8264786073825503 0.6416212248322148
0 0.1463627049180328 0.1868852459016394 0.1301613729508197 0.18541239754098365 0.12785604508196724 0.21077100409836066 0.14405737704918034 0.2122438524590164
0 0.590625 0.490625 0.5734375 0.490625 0.5734375 0.5046875 0.590625 0.5046875
0 0.37774493243243246 0.42884290540540543 0.3627533783783784 0.40785472972972975 0.3461993243243244 0.41967905405405403 0.36119087837837843 0.4406672297297297
0 0.5931490384615385 0.45612980769230776 0.5632600395927602 0.4419718608597285 0.5423253676470589 0.4861672794117647 0.5722143665158372 0.500325226244344
0 0.7578125 0.3781250000000001 0.7109375 0.3781250000000001 0.7109375 0.4000000000000001 0.7578125 0.4000000000000002
0 0.6109375 0.22656250000000008 0.5875 0.22656250000000008 0.5875 0.2593750000000001 0.6109375 0.2593750000000001
0 0.6078125 0.553125 0.5828125 0.553125 0.5828125 0.578125 0.6078125 0.578125
0 0.5390625 0.634375 0.484375 0.634375 0.484375 0.6671875 0.5390625 0.6671875
0 0.46230282230559344 0.10866622612551155 0.4081194577080491 0.06195642905866301 0.39146593622100956 0.08127451398362891 0.4456493008185539 0.12798431105047745
0 0.5989442567567569 0.9030405405405408 0.5948057432432433 0.8782094594594596 0.5299408783783784 0.8890202702702703 0.5340793918918919 0.9138513513513515
0 0.816012168141593 0.5620575221238939 0.7425470132743361 0.5428926991150443 0.7336532079646017 0.5769856194690266 0.8071183628318586 0.5961504424778763
0 0.7640625 0.39375000000000016 0.73359375 0.36328125000000017 0.69609375 0.4007812500000001 0.7265625 0.4312500000000001
0 0.765625 0.7031250000000002 0.7234375 0.7031250000000001 0.7234375 0.7203125000000001 0.765625 0.7203125000000001
0 0.6234375 0.4703125 0.5984375 0.4703125 0.5984375 0.4859375 0.6234375 0.4859375
0 0.7183345375722542 0.6370755057803468 0.6990110187861271 0.6107252528901735 0.6602646315028902 0.639139270231214 0.6795881502890173 0.6654895231213873
0 0.3575 0.38687499999999997 0.3462259615384616 0.3723798076923077 0.3164783653846154 0.39551682692307694 0.3277524038461538 0.4100120192307692
0 0.6711397058823529 0.5295036764705883 0.668125 0.5159374999999999 0.6426470588235293 0.5215992647058824 0.6456617647058823 0.5351654411764707
0 0.672746128318584 0.4177544247787609 0.6713426438053097 0.396702157079646 0.6435495022123894 0.39855503318584073 0.6449529867256636 0.4196073008849557
0 0.721455460812772 0.35315901669085636 0.698777666908563 0.3338828918722787 0.6568713715529753 0.3831844158200291 0.6795491654571842 0.4024605406386067