0 0.2734375000000001 0.3953125 0.2296875000000001 0.3953125 0.2296875000000001 0.459375 0.2734375000000001 0.459375
2 0.7453125 0.31718750000000007 0.3953125 0.31718750000000007 0.39531250000000007 0.809375 0.7453125000000002 0.809375
2 0.7109375000000001 0.3500000000000001 0.4421875 0.3500000000000001 0.44218750000000007 0.75 0.7109375000000002 0.75
2 0.6765625 0.3046875000000001 0.515625 0.3046875000000001 0.515625 0.5046875 0.6765625 0.5046875
2 0.8265625 0.4671875000000002 0.7546875 0.4671875000000002 0.7546875 0.5765625000000002 0.8265625 0.5765625000000002
2 0.784375 0.4375000000000001 0.69375 0.4375 0.69375 0.6062500000000001 0.784375 0.6062500000000002
2 0.921875 0.5625000000000002 0.8765625 0.5625000000000002 0.8765625 0.6484375000000002 0.921875 0.6484375000000002
2 0.78125 0.3812500000000001 0.7375 0.3812500000000001 0.7375 0.44531250000000017 0.78125 0.44531250000000017
0 0.32500000000000007 0.6109375 0.2734375000000001 0.6109375 0.2734375000000001 0.6875 0.32500000000000007 0.6875
0 0.2562500000000001 0.7234375 0.22031250000000008 0.7234375 0.22031250000000008 0.784375 0.2562500000000001 0.784375
0 0.3171875 0.259375 0.2609375 0.259375 0.2609375 0.328125 0.3171875 0.328125
0 0.38125000000000003 0.34062500000000007 0.3140625 0.340625 0.3140625 0.440625 0.3812500000000001 0.440625
0 0.3500000000000001 0.4046875 0.2953125000000001 0.4046875 0.2953125000000001 0.4859375 0.3500000000000001 0.4859375
0 0.471875 0.2671875000000001 0.403125 0.2671875000000001 0.403125 0.3734375000000001 0.471875 0.3734375000000001
0 0.4171875 0.60625 0.36406250000000007 0.60625 0.36406250000000007 0.7046875 0.4171875 0.7046875
0 0.4046875000000001 0.69375 0.3546875000000001 0.69375 0.3546875000000001 0.7703125 0.4046875000000002 0.7703125
0 0.5015625000000001 0.7015625 0.4484375 0.7015625 0.4484375000000001 0.7765625 0.5015625000000001 0.7765625
0 0.4500000000000002 0.7859375 0.40625000000000017 0.7859375 0.40625000000000017 0.840625 0.4500000000000002 0.840625
0 0.5453125000000002 0.7671875 0.5078125000000002 0.7671875 0.5078125000000002 0.8203125 0.5453125000000002 0.8203125
0 0.5109375000000002 0.8171875 0.48750000000000016 0.8171875 0.48750000000000016 0.8515625 0.5109375000000002 0.8515625