3 0.18906250000000008 0.515625 0.13125000000000003 0.515625 0.13125000000000006 0.5609375 0.18906250000000008 0.5609375
3 0.3000000000000001 0.5453125 0.22031250000000008 0.5453125 0.22031250000000008 0.621875 0.3000000000000001 0.621875
3 0.11558823529411763 0.4967095588235294 0.10838235294117644 0.4642830882352941 0.0642095588235294 0.47409926470588226 0.0714154411764706 0.5065257352941176
3 0.346089527027027 0.5090878378378378 0.3206334459459459 0.49057432432432435 0.29968749999999994 0.519375 0.32514358108108105 0.5378885135135135
3 0.5109375 6.113666442618428e-17 0.4859375 5.960585592725009e-17 0.4859375 0.007812500000000059 0.5109375 0.007812500000000062
3 0.0771875 0.5309375000000001 0.06906249999999999 0.5146875 0.051562499999999976 0.5234374999999999 0.059687500000000004 0.5396875000000001
3 0.309978448275862 0.9291163793103449 0.3067887931034482 0.8908405172413796 0.2739439655172414 0.8935775862068966 0.27713362068965514 0.931853448275862
3 0.21057912844036694 0.70088876146789 0.1998709862385321 0.6651949541284404 0.1660407110091743 0.6753440366972477 0.17674885321100917 0.7110378440366973
3 0.8674080882352941 0.9181801470588236 0.8590992647058824 0.8807904411764707 0.747591911764706 0.9055698529411765 0.7559007352941176 0.9429595588235294
3 0.676813412408759 0.5249087591240877 0.6689666970802919 0.5033302919708029 0.6151459854014598 0.5229014598540147 0.622992700729927 0.5444799270072994
3 0.77609375 0.57671875 0.76625 0.5471874999999999 0.7470312499999998 0.5535937499999999 0.756875 0.583125
3 0.50390625 0.04296874999999996 0.49749999999999994 0.02374999999999996 0.465625 0.034374999999999975 0.47203125 0.053593749999999975
3 0.42879229632063076 0.49477455650459923 0.3987742279894876 0.46625739159001317 0.3561350197109068 0.5111407687253614 0.38615308804204995 0.5396579336399474
3 0.6672232328482328 0.34209329521829523 0.6576045997920998 0.3207185550935551 0.6203125 0.3375 0.629931133056133 0.3588747401247402
3 0.7109375 0.15468750000000014 0.6859375 0.12968750000000012 0.66953125 0.14609375000000008 0.69453125 0.1710937500000001
3 0.7429186320754717 0.6716214622641511 0.6874469339622642 0.6612205188679245 0.6821757075471698 0.6893337264150944 0.7376474056603775 0.6997346698113208
3 0.222131806930693 0.8044430693069307 0.1955105198019802 0.762292698019802 0.18028465346534653 0.7719090346534654 0.20690594059405934 0.8140594059405941
3 0.6229810393258427 0.8797928370786519 0.5658181179775281 0.8440660112359553 0.5157830056179776 0.924122191011236 0.5729459269662922 0.9598490168539326
3 0.1845521907216495 0.8414143041237114 0.1728253865979382 0.815028994845361 0.14296069587628873 0.8283021907216496 0.15468750000000003 0.8546875000000002
3 0.5924002918287938 0.22840466926070033 0.5895428015564202 0.1826848249027237 0.5474221789883269 0.18531736381322955 0.5502796692607005 0.23103720817120615
3 0.6454944349315068 0.20758775684931519 0.6352204623287672 0.18498501712328777 0.5963720034246576 0.20264340753424664 0.6066459760273972 0.22524614726027412
3 0.6859375 0.6093750000000002 0.6625 0.5859375000000002 0.6273437500000001 0.6210937500000001 0.6507812500000001 0.6445312500000001
3 0.721875 0.615625 0.6734375 0.615625 0.6734375 0.646875 0.721875 0.646875
3 0.34062500000000007 0.88125 0.3140625000000001 0.88125 0.3140625000000001 0.8984375 0.34062500000000007 0.8984375
3 0.4541395644796381 0.40369414592760194 0.4072221436651584 0.4014599830316744 0.4057409502262443 0.43256504524886896 0.4526583710407241 0.43479920814479656
3 0.21075721153846155 0.5725360576923076 0.20456730769230771 0.5415865384615384 0.15859375000000003 0.55078125 0.16478365384615384 0.5817307692307693
3 0.1524390243902439 0.16242378048780493 0.12294207317073172 0.1591463414634147 0.12088414634146342 0.1776676829268293 0.15038109756097562 0.18094512195121953
3 0.6694256756756757 0.535008445945946 0.6425675675675677 0.5305320945945946 0.6375844594594595 0.5604307432432434 0.6644425675675676 0.5649070945945948
3 0.203125 0.20156250000000003 0.1882273706896552 0.19517780172413798 0.17949892241379314 0.21554418103448283 0.19439655172413794 0.22192887931034483
3 0.33114224137931036 0.27785560344827587 0.32607758620689653 0.2651939655172414 0.3021012931034483 0.27478448275862066 0.3071659482758621 0.2874461206896552
3 0.7670673076923078 0.35216346153846156 0.7512019230769231 0.3283653846153846 0.7320913461538462 0.34110576923076924 0.7479567307692309 0.3649038461538462
3 0.7459048361934476 0.5369052262090485 0.7419364274570981 0.5121026716068643 0.6800214508580342 0.5220090678627145 0.6839898595943836 0.5468116224648987
3 0.11377282303370788 0.4315572331460674 0.10674157303370786 0.40108848314606743 0.04443469101123597 0.4154669943820225 0.051465941011235986 0.4459357443820225
3 0.183125 0.8728125 0.17812499999999998 0.8578125 0.15890625 0.8642187499999998 0.16390625000000003 0.8792187499999999
3 0.22656250000000008 0.6125 0.1906250000000001 0.6125 0.1906250000000001 0.634375 0.22656250000000008 0.634375
3 0.344996488764045 0.6111306179775281 0.31943469101123606 0.5951544943820225 0.28915028089887646 0.6436095505617978 0.3147120786516854 0.6595856741573034
3 0.41157914816870145 0.3083119450610433 0.41067390399556053 0.28115461986681467 0.3576078662597114 0.28292348779134296 0.3585131104328524 0.31008081298557155
3 0.3424970518867925 0.7491303066037737 0.3145047169811321 0.7335790094339624 0.28804540094339626 0.7812057783018869 0.31603773584905664 0.7967570754716982
3 0.41146226415094345 0.658242924528302 0.3886320754716981 0.6333372641509435 0.3485849056603773 0.6700471698113207 0.3714150943396227 0.6949528301886793
3 0.5320693597560976 0.531688262195122 0.5116615853658537 0.5294207317073172 0.5103086890243903 0.5415967987804879 0.5307164634146342 0.5438643292682929
3 0.4835336538461538 0.47295673076923084 0.4655048076923077 0.4459134615384615 0.42944711538461533 0.4699519230769231 0.4474759615384616 0.49699519230769235
3 0.64 0.06437500000000003 0.6203125 0.025 0.5871875000000001 0.04156249999999999 0.606875 0.08093750000000002
3 0.45943750000000005 0.8386250000000002 0.4440625000000001 0.8181250000000002 0.4058125 0.8468125000000002 0.4211875 0.8673125000000003
3 0.33800880484988455 0.30579893187066987 0.3252345554272517 0.28770207852193996 0.2757902713625866 0.3226039260969977 0.28856452078521944 0.3407007794457276
3 0.29143041237113404 0.2650934278350516 0.28530927835051545 0.25132087628865984 0.2615335051546392 0.2618878865979382 0.2676546391752577 0.27566043814432994
3 0.79375 0.5953125000000001 0.778125 0.5796875000000001 0.76484375 0.5929687500000002 0.78046875 0.6085937500000002
3 0.2978194726166329 0.5742932302231238 0.2703220081135903 0.5544339503042597 0.23278714503042602 0.6064052991886411 0.2602846095334686 0.6262645791075052
3 0.19687500000000005 0.23906250000000004 0.1516544117647059 0.22775735294117655 0.1432904411764706 0.2612132352941177 0.18851102941176476 0.27251838235294124
3 0.18890625 0.5432812499999999 0.17765625 0.50953125 0.12843749999999998 0.5259375000000001 0.1396875 0.5596875
3 0.23641137295081965 0.12291239754098367 0.21175717213114753 0.12067110655737709 0.2109375 0.12968750000000004 0.23559170081967212 0.1319287909836066
3 0.7781250000000001 0.7250000000000002 0.7296875 0.7250000000000002 0.7296875000000002 0.7562500000000002 0.7781250000000002 0.7562500000000002
3 0.25511029411764713 0.6363786764705882 0.21854779411764716 0.6282536764705882 0.21233455882352947 0.6562132352941177 0.24889705882352944 0.6643382352941176