1 0.7296875 0.22812500000000008 0.59375 0.22812500000000008 0.59375 0.3453125000000001 0.7296875 0.3453125000000001
0 0.5359375 0.23593750000000008 0.471875 0.23593750000000008 0.471875 0.27812500000000007 0.5359375 0.27812500000000007
0 0.409375 0.4421875 0.3843750000000001 0.4421875 0.3843750000000001 0.4625 0.409375 0.4625
1 0.30312500000000003 0.278125 0.2 0.278125 0.20000000000000004 0.365625 0.3031250000000001 0.365625
2 0.4109375000000002 0.778125 0.3781250000000001 0.778125 0.3781250000000001 0.803125 0.4109375000000002 0.803125
2 0.4796875 0.6859375 0.4578125 0.6859375 0.4578125 0.7078125 0.4796875 0.7078125
2 0.6083749999999999 0.6976875000000001 0.599625 0.6911250000000002 0.5889374999999999 0.7053750000000001 0.5976874999999999 0.7119375000000001
2 0.667922794117647 0.5466911764705882 0.6652573529411765 0.536029411764706 0.6523897058823529 0.5392463235294118 0.6550551470588235 0.549908088235294
2 0.44448529411764703 0.8295036764705882 0.4409926470588236 0.815533088235294 0.4204044117647058 0.8206801470588235 0.42389705882352935 0.8346507352941177
2 0.6654094827586208 0.38647629310344833 0.6625000000000001 0.3796875 0.6515625 0.384375 0.6544719827586208 0.3911637931034483
2 0.62578125 0.4617187500000002 0.62109375 0.45703125000000017 0.6109375 0.4671875000000002 0.615625 0.47187500000000016
2 0.5734375000000002 0.778125 0.5562500000000001 0.778125 0.5562500000000001 0.79375 0.5734375000000002 0.79375
2 0.5571659482758621 0.3843211206896552 0.5546875 0.378125 0.5452586206896551 0.38189655172413794 0.5477370689655172 0.3880926724137931
2 0.48968749999999994 0.635625 0.485 0.62625 0.4718750000000001 0.6328125 0.4765625000000001 0.6421875
2 0.59375 0.65 0.5765625 0.65 0.5765625 0.6609375 0.59375 0.6609375
2 0.43968749999999995 0.7528124999999999 0.434375 0.7421875 0.42125 0.74875 0.4265625 0.7593749999999999
2 0.28593750000000007 0.4109375 0.2750000000000001 0.4109375 0.2750000000000001 0.4265625 0.28593750000000007 0.4265625
2 0.4421875 0.59375 0.4296875 0.59375 0.4296875 0.6015625 0.4421875 0.6015625
2 0.6351875 0.7791249999999998 0.6339062499999999 0.7701562499999998 0.61771875 0.7724687499999998 0.619 0.7814374999999998
2 0.5269160583941606 0.2583941605839416 0.5208485401459854 0.24170848540145995 0.47455520072992696 0.2585424270072993 0.48062271897810216 0.27522810218978105
2 0.39655172413793105 0.5554418103448275 0.39375 0.5484375 0.38297413793103446 0.5527478448275862 0.3857758620689655 0.5597521551724138
2 0.5656250000000002 0.75625 0.5406250000000001 0.75625 0.5406250000000001 0.7671875 0.5656250000000002 0.7671875
2 0.6233455882352941 0.0472426470588236 0.615625 0.034375 0.5855238970588236 0.05243566176470589 0.5932444852941177 0.06530330882352949
2 0.5703125000000001 0.528125 0.5622242647058824 0.5261029411764706 0.5606617647058825 0.5323529411764707 0.5687500000000001 0.534375
2 0.4762500000000001 0.6993750000000001 0.47093749999999995 0.68875 0.45843749999999994 0.6950000000000001 0.46375 0.7056250000000002
2 0.40156250000000016 0.784375 0.3828125000000001 0.784375 0.3828125000000001 0.7953125 0.40156250000000016 0.7953125
1 0.35625000000000007 0.5359375 0.26250000000000007 0.5359375 0.26250000000000007 0.6328125 0.35625000000000007 0.6328125