0 0.5203125 0.31718750000000007 0.4328125 0.31718750000000007 0.4328125 0.3750000000000001 0.5203125 0.3750000000000001
0 0.2259820356285028 0.3463658426741393 0.20631630304243398 0.3044122798238591 0.12649244395516415 0.3418297137710168 0.146158176541233 0.383783276621297
0 0.5715625 0.9103124999999999 0.5321875 0.8971874999999999 0.5237499999999999 0.9225000000000001 0.563125 0.9356250000000002
0 0.18593750000000003 0.16718750000000002 0.1375 0.1671875 0.13750000000000004 0.190625 0.18593750000000003 0.19062500000000002
0 0.5171875 0.490625 0.4953125 0.490625 0.4953125 0.515625 0.5171875 0.515625
0 0.1432692307692308 0.6788461538461539 0.13665865384615386 0.6457932692307693 0.06784855769230769 0.6595552884615384 0.07445913461538463 0.6926081730769231
0 0.5009194494584837 0.35360446750902536 0.455274142599278 0.32426105595667876 0.4350180505415163 0.35577053249097484 0.480663357400722 0.38511394404332144
0 0.4242187500000001 0.7789062500000001 0.3937500000000001 0.7484375000000001 0.36406250000000007 0.7781250000000002 0.39453125000000006 0.8085937500000002
0 0.6609375 0.234375 0.6375 0.21093750000000008 0.60703125 0.2414062500000001 0.63046875 0.26484375
0 0.75375 0.47000000000000003 0.7393750000000001 0.44125 0.6925 0.4646875 0.7068749999999999 0.49343750000000003
0 0.5616727941176471 0.0966911764705882 0.555514705882353 0.0720588235294118 0.5205882352941177 0.08079044117647063 0.5267463235294118 0.10542279411764703
0 0.8234430604982208 0.2940447064056941 0.7764679715302492 0.27936499110320295 0.7531138790035586 0.35409808718861224 0.8000889679715304 0.36877780249110337
0 0.2611143867924528 0.4178066037735849 0.25498231132075466 0.3963443396226416 0.2176297169811321 0.40701650943396234 0.22376179245283018 0.4284787735849057
0 0.374375 0.8924999999999998 0.3615625 0.866875 0.31906249999999997 0.8881249999999999 0.331875 0.91375
0 0.33419117647058816 0.05551470588235293 0.32757352941176465 0.02904411764705882 0.2602941176470588 0.045863970588235284 0.26691176470588235 0.07233455882352939
0 0.061406250000000086 0.49984375 0.029468750000000078 0.49528124999999995 0.022031250000000068 0.54734375 0.05396875000000008 0.55190625
0 0.3687500000000001 0.6015625000000002 0.34062500000000007 0.5734375000000002 0.3226562500000001 0.5914062500000001 0.3507812500000001 0.6195312500000001
0 0.10941722972972975 0.2611908783783784 0.10439189189189191 0.23103885135135135 0.0739864864864865 0.23610641891891895 0.07901182432432433 0.26625844594594594
0 0.340625 0.3109375 0.2921875 0.3109375 0.2921875 0.334375 0.340625 0.334375
0 0.38627533783783785 0.252027027027027 0.38074324324324327 0.21883445945945948 0.33386824324324327 0.22664695945945948 0.33940033783783785 0.25983952702702706
0 0.7061305732484076 0.041968550955414054 0.6875 0.0078125 0.6221437101910828 0.043461385350318474 0.6407742834394904 0.07761743630573252
0 0.42530487804878037 0.8386814024390243 0.4022484756097561 0.820236280487805 0.37358993902439025 0.8560594512195123 0.39664634146341454 0.8745045731707318
0 0.07038985148514855 0.19766398514851485 0.04811262376237626 0.19543626237623762 0.043641707920792104 0.24014542079207923 0.0659189356435644 0.2423731435643565
0 0.10468750000000009 0.7546875 0.06406250000000009 0.7546875 0.06406250000000009 0.7796875 0.10468750000000009 0.7796875
0 0.7939110824742268 0.26291881443298976 0.7803801546391751 0.22773840206185572 0.7326353092783504 0.24610180412371138 0.746166237113402 0.2812822164948454
0 0.26625 0.21125 0.23540624999999996 0.20684375 0.23056249999999995 0.24075000000000002 0.26140624999999995 0.24515625000000002
0 0.14687500000000003 0.26562500000000006 0.12734375000000003 0.24609375000000006 0.09296875000000002 0.28046875000000004 0.11250000000000004 0.3000000000000001
0 0.3443469101123596 0.7828300561797754 0.3239817415730338 0.7502457865168541 0.2744030898876405 0.7812324438202249 0.2947682584269663 0.8138167134831462
0 0.2534375 0.1975 0.23874999999999996 0.168125 0.19124999999999998 0.191875 0.20593750000000002 0.22125
0 0.3579649390243903 0.43887195121951217 0.3375762195121951 0.42256097560975603 0.3141006097560975 0.45190548780487794 0.3344893292682927 0.4682164634146341
0 0.4894761029411764 0.944439338235294 0.46148897058823524 0.8977941176470589 0.3817555147058823 0.9456341911764706 0.40974264705882346 0.9922794117647058
0 0.22800480769230766 0.5849759615384615 0.21165865384615384 0.5604567307692307 0.1691105769230769 0.5888221153846154 0.18545673076923072 0.6133413461538462
0 0.23605769230769238 0.3818509615384616 0.20685096153846158 0.36237980769230776 0.1938701923076923 0.38185096153846165 0.2230769230769231 0.4013221153846155
0 0.4239889705882353 0.6615808823529412 0.4169117647058824 0.6332720588235294 0.35992647058823524 0.6475183823529412 0.36700367647058824 0.675827205882353
0 0.6731866865509761 0.27453904555314523 0.6219902386117137 0.2475935466377439 0.607992136659436 0.27418994034707145 0.6591885845986984 0.30113543926247277
0 0.23782253440366974 0.6997061353211009 0.2222190366972477 0.6707282110091743 0.16584719036697249 0.7010822821100917 0.1814506880733945 0.7300602064220183
0 0.21636782786885247 0.4168288934426229 0.20010245901639348 0.39731045081967215 0.1730532786885246 0.41985143442622946 0.1893186475409836 0.43936987704918035
0 0.4906250000000001 0.675 0.4602195945945947 0.6699324324324325 0.4557010135135136 0.697043918918919 0.4861064189189189 0.7021114864864866
0 0.6378437499999998 0.3258437500000001 0.6324687499999999 0.2882187500000001 0.5817187499999998 0.29546875000000006 0.5870937499999999 0.3330937500000001
0 0.2934375 0.48531250000000004 0.283125 0.46468750000000003 0.25500000000000006 0.47875000000000006 0.26531250000000006 0.499375
0 0.45316722972972967 0.0533783783783784 0.4388302364864864 0.04313766891891897 0.4238386824324324 0.06412584459459467 0.4381756756756756 0.0743665540540541
0 0.5628125 0.26031250000000006 0.5015625 0.22968750000000004 0.4809375 0.27093750000000005 0.5421875 0.30156250000000007
0 0.54375 0.3421875000000001 0.4953125 0.3421875000000001 0.4953125 0.37968750000000007 0.54375 0.37968750000000007
0 0.8321132596685082 0.3851605662983427 0.809504488950276 0.36003970994475143 0.7800673342541435 0.3865331491712708 0.8026761049723756 0.41165400552486203
0 0.7359375 0.12500000000000008 0.6796875 0.12500000000000008 0.6796875 0.1625000000000001 0.7359375 0.1625000000000001
0 0.5950533536585365 0.05204268292682927 0.5866387195121952 0.03381097560975608 0.5455182926829268 0.052789634146341455 0.5539329268292683 0.07102134146341466
0 0.17121875000000003 0.21865625000000008 0.14037500000000006 0.2142500000000001 0.13665625000000006 0.24028125000000006 0.16750000000000004 0.24468750000000003
0 0.4 0.5984375 0.3750000000000001 0.5984375 0.3750000000000001 0.6203125 0.4 0.6203125
0 0.5324292452830189 0.12868514150943405 0.48434551886792454 0.11494693396226423 0.47850825471698116 0.13537735849056612 0.5265919811320756 0.14911556603773596
0 0.47235576923076916 0.17115384615384618 0.4671875 0.14531249999999998 0.42121394230769243 0.1545072115384615 0.42638221153846156 0.1803485576923077
0 0.5223437499999999 0.31703125000000004 0.5115624999999999 0.2846875 0.4440625000000001 0.30718749999999995 0.45484375000000005 0.33953125
0 0.5379206730769232 0.6572716346153846 0.5036658653846153 0.6504206730769232 0.49957932692307694 0.6708533653846155 0.5338341346153846 0.677704326923077
0 0.5328125000000001 0.734375 0.5046875000000002 0.734375 0.5046875000000002 0.7578125 0.5328125000000001 0.7578125
0 0.6234861898016997 0.7338925283286121 0.6072326487252125 0.6993537535410768 0.5470343484419263 0.7276823654390937 0.5632878895184136 0.762221140226629
0 0.43391544117647046 0.8987132352941176 0.4274816176470587 0.8697610294117645 0.3705698529411764 0.8824080882352939 0.3770036764705882 0.9113602941176471
0 0.756418269230769 0.16584134615384624 0.7168028846153846 0.16088942307692317 0.7140384615384615 0.18300480769230779 0.7536538461538461 0.18795673076923086
0 0.32050304878048774 0.25609756097560976 0.30175304878048775 0.23266006097560976 0.26478658536585364 0.2622332317073171 0.28353658536585363 0.2856707317073171