0 0.5125 0.478125 0.45 0.478125 0.45 0.5296875 0.5125 0.5296875
0 0.5015625 0.54375 0.4765625 0.54375 0.4765625 0.578125 0.5015625 0.578125
0 0.2971875 0.5084375000000001 0.27625 0.46656250000000005 0.23437500000000006 0.4875000000000001 0.25531250000000005 0.5293750000000002
0 0.43436580882352943 0.4901930147058824 0.3919025735294118 0.46317095588235296 0.3758180147058824 0.4884466911764706 0.41828125000000005 0.5154687500000001
0 0.7954649390243903 0.509565548780488 0.7740282012195122 0.5071836890243904 0.7705983231707317 0.5380525914634148 0.7920350609756098 0.5404344512195124
0 0.5625 0.478125 0.534375 0.478125 0.534375 0.5125 0.5625 0.5125
0 0.78125 0.5671875000000002 0.753125 0.5671875000000002 0.753125 0.6281250000000002 0.78125 0.6281250000000002
0 0.8571875 0.5106250000000001 0.8321875000000001 0.4981250000000001 0.8175000000000001 0.5275000000000001 0.8425 0.54
0 0.9788241731517511 0.4158742704280156 0.9743981031128406 0.34505714980544744 0.9457988813229571 0.3468446011673152 0.9502249513618676 0.41766172178988326
0 0.7513935810810811 0.4963260135135136 0.7430152027027027 0.4690962837837837 0.7053547297297298 0.4806841216216216 0.7137331081081082 0.5079138513513515
0 0.5203125 0.4578125 0.5040865384615384 0.44699519230769236 0.4889423076923077 0.4697115384615384 0.5051682692307693 0.48052884615384617
0 0.22309594208809136 0.5103920269168026 0.1948868270799347 0.4805235522022838 0.15221757748776504 0.5208222879282218 0.18042669249592172 0.5506907626427406
0 0.61253125 0.36540625000000004 0.5895625 0.36212500000000003 0.5843125 0.39887500000000004 0.60728125 0.4021562500000001
0 0.2828125000000001 0.6250000000000002 0.26484375 0.60703125 0.22578124999999996 0.6460937500000001 0.24375000000000005 0.6640625000000002
0 0.732451923076923 0.3377403846153847 0.7033052884615384 0.3319110576923078 0.6923677884615385 0.3865985576923078 0.721514423076923 0.39242788461538475
0 0.799938524590164 0.42161372950819664 0.787172131147541 0.3673565573770491 0.7678381147540984 0.3719057377049179 0.7806045081967213 0.4261629098360656
0 0.741875 0.38343749999999993 0.725 0.33281249999999996 0.66171875 0.35390625 0.6785937499999999 0.40453124999999995
0 0.5518750000000001 0.5150000000000001 0.5325 0.5053125000000002 0.5131249999999999 0.5440625000000001 0.5325000000000001 0.5537500000000002
0 0.57875 0.4543750000000001 0.5650000000000001 0.426875 0.5399999999999999 0.43937499999999996 0.55375 0.4668750000000001
0 0.5677984429065743 0.48259083044982704 0.5385759083044982 0.47369701557093424 0.5164359861591695 0.5464424740484428 0.5456585207612457 0.5553362889273357
0 0.7021875 0.43937499999999996 0.68671875 0.39296875 0.65625 0.403125 0.6717187499999999 0.44953125
0 0.75 0.4203125000000002 0.725 0.4203125000000001 0.725 0.4406250000000001 0.75 0.44062500000000016
0 0.8978125 0.42156249999999995 0.88734375 0.3901562499999999 0.8423437499999998 0.40515624999999994 0.8528125 0.43656249999999996
0 0.478125 0.45625 0.45625 0.45625 0.45625 0.4796875 0.478125 0.4796875
0 0.32249999999999995 0.570625 0.29874999999999996 0.5587500000000001 0.2809375 0.5943750000000001 0.3046875 0.6062500000000001
0 0.39375000000000004 0.4484375000000001 0.3606250000000001 0.4318750000000001 0.3337500000000001 0.4856250000000001 0.36687500000000006 0.5021875
0 0.3400275735294117 0.4781709558823529 0.31245404411764705 0.4322150735294118 0.28350183823529407 0.44958639705882353 0.31107536764705873 0.49554227941176465
0 0.512860576923077 0.48774038461538477 0.47716346153846156 0.4639423076923078 0.4314903846153847 0.5324519230769232 0.4671875000000001 0.5562500000000001
0 0.5913006756756756 0.5618665540540542 0.5697212837837837 0.5464527027027029 0.5442778716216216 0.5820734797297298 0.5658572635135135 0.5974873310810811
0 0.5037571736011477 0.4061491212338595 0.4853030846484934 0.3976909971305596 0.46029860114777615 0.45224623385939744 0.4787526901004305 0.4607043579626972
0 0.9786629098360657 0.46595799180327885 0.9633068647540984 0.4645619877049182 0.9578125 0.5250000000000001 0.9731685450819676 0.5263960040983608
0 0.38248922413793107 0.48669181034482767 0.36686422413793107 0.44762931034482767 0.33615301724137936 0.4599137931034484 0.35177801724137936 0.4989762931034484
0 0.4362753378378379 0.569847972972973 0.4091638513513514 0.5653293918918919 0.39974662162162167 0.6218327702702704 0.42685810810810815 0.6263513513513514
0 0.828125 0.3515625000000001 0.803125 0.3515625000000001 0.803125 0.39531250000000007 0.828125 0.39531250000000007
0 0.34560096153846154 0.5507451923076923 0.3412019230769231 0.5155528846153847 0.3183173076923077 0.5184134615384617 0.32271634615384615 0.5536057692307692
0 0.6171875000000002 0.4968750000000002 0.5890625 0.46875 0.5374999999999999 0.5203125000000001 0.565625 0.5484375000000002
0 0.17196691176470585 0.5105698529411764 0.15445772058823531 0.4813878676470589 0.13193933823529413 0.49489889705882356 0.14944852941176465 0.5240808823529411
0 0.27388317953020136 0.5874213506711409 0.26291946308724834 0.5252936241610738 0.2305631291946309 0.5310035654362416 0.24152684563758392 0.5931312919463086