1 0.7578125 0.3125000000000001 0.6390625 0.3125000000000001 0.6390625 0.40312500000000007 0.7578125 0.4031250000000002
0 0.5796875 0.2796875000000001 0.5203125 0.2796875000000001 0.5203125 0.3078125000000001 0.5796875 0.3078125000000001
0 0.428125 0.4546875 0.40625 0.4546875 0.40625 0.46875 0.428125 0.46875
1 0.3390625 0.265625 0.2484375 0.265625 0.2484375 0.33125 0.3390625 0.33125
2 0.37968750000000007 0.7875 0.3500000000000001 0.7875 0.3500000000000001 0.80625 0.37968750000000007 0.80625
2 0.4609375000000001 0.7109375 0.440625 0.7109375 0.4406250000000001 0.7296875 0.46093750000000017 0.7296875
2 0.5859375000000002 0.7484375 0.5687500000000002 0.7484375 0.5687500000000002 0.7625 0.5859375000000002 0.7625
2 0.6682112068965517 0.6142780172413793 0.6644396551724138 0.6048491379310346 0.6507004310344827 0.6103448275862069 0.6544719827586206 0.6197737068965516
2 0.40625000000000017 0.83125 0.3859375000000001 0.83125 0.3859375000000001 0.8453125 0.40625000000000017 0.8453125
2 0.6859375 0.45 0.675 0.45 0.675 0.4578125 0.6859375 0.4578125
2 0.6365985576923077 0.5216947115384616 0.6242788461538462 0.5192307692307694 0.6228365384615385 0.5264423076923077 0.63515625 0.5289062500000001
2 0.5390625000000002 0.8265625 0.5250000000000001 0.8265625 0.5250000000000001 0.8375 0.5390625000000002 0.8375
2 0.58125 0.4234375 0.571875 0.4234375 0.571875 0.4296875 0.58125 0.4296875
2 0.4796875 0.6546875 0.4640625 0.6546875 0.4640625 0.6671875 0.4796875 0.6671875
2 0.578125 0.7 0.5625 0.7 0.5625 0.7109375 0.578125 0.7109375
2 0.4140625 0.7640625 0.4054687500000001 0.7554687500000001 0.3960937500000001 0.7648437500000002 0.4046875 0.7734375000000001
2 0.3125000000000001 0.39375 0.3031250000000001 0.39375 0.3031250000000001 0.4078125 0.3125000000000001 0.4078125
2 0.4390625 0.609375 0.4265625 0.609375 0.4265625 0.6171875 0.4390625 0.6171875
2 0.6000000000000002 0.8296875 0.5859375000000002 0.8296875 0.5859375000000002 0.8390625 0.6000000000000002 0.8390625
2 0.5691386421319797 0.29919098984771575 0.5679330583756345 0.28231281725888324 0.5211849619289339 0.2856519670050761 0.5223905456852792 0.3025301395939086
2 0.4009375000000001 0.5581250000000002 0.39109375000000013 0.5548437500000001 0.38859375000000007 0.5623437500000001 0.3984375000000001 0.565625
2 0.5365717821782179 0.799907178217822 0.5113551980198021 0.7973855198019804 0.5103341584158416 0.8075959158415843 0.5355507425742575 0.8101175742574259
2 0.6959375000000001 0.10906250000000002 0.6890625 0.09531250000000005 0.6578125 0.11093750000000005 0.6646875000000001 0.12468750000000002
2 0.5755514705882353 0.5743566176470589 0.5674632352941176 0.5723345588235296 0.565625 0.5796875000000001 0.5737132352941177 0.5817095588235295
2 0.45697115384615394 0.7213942307692308 0.4504807692307694 0.711658653846154 0.44074519230769243 0.7181490384615385 0.4472355769230769 0.7278846153846155
2 0.3703125000000001 0.7890625 0.3531250000000001 0.7890625 0.3531250000000001 0.8 0.3703125000000001 0.8
1 0.3515625000000001 0.534375 0.2718750000000001 0.534375 0.2718750000000001 0.6125 0.3515625000000001 0.6125