0 0.678125 0.17343750000000008 0.6515625 0.17343750000000008 0.6515625 0.18750000000000008 0.678125 0.18750000000000008
0 0.7046875 0.1859375000000001 0.68125 0.1859375000000001 0.68125 0.2062500000000001 0.7046875 0.2062500000000001
0 0.54375 0.53125 0.5125 0.53125 0.5125 0.5546875 0.54375 0.5546875
0 0.4704503676470589 0.6877297794117647 0.46655330882352947 0.6370680147058824 0.4291544117647058 0.6399448529411765 0.43305147058823523 0.6906066176470589
0 0.6147485430805548 0.743916900265565 0.3599609951313073 0.7219524564768368 0.3473720123930364 0.8679846562407791 0.6021595603422839 0.8899491000295073
0 0.42874999999999996 0.195 0.425 0.1875 0.41500000000000004 0.1925 0.41875 0.2
0 0.6670955882352942 0.47068014705882355 0.6446691176470589 0.4650735294117648 0.6431066176470589 0.47132352941176475 0.6655330882352942 0.47693014705882353
0 0.7734375 0.14062500000000008 0.753125 0.14062500000000008 0.753125 0.1531250000000001 0.7734375 0.1531250000000001
0 0.6896875 0.14968749999999997 0.6812500000000001 0.1328125 0.661875 0.14250000000000002 0.6703125 0.159375
0 0.6796875 0.6984375 0.6625 0.6984375 0.6625 0.7125 0.6796875 0.7125
0 0.7328125000000002 0.909375 0.7125000000000001 0.909375 0.7125000000000001 0.9265625 0.7328125000000002 0.9265625
0 0.4328125 0.11718750000000004 0.4171875 0.11718750000000004 0.4171875 0.12656250000000005 0.4328125 0.12656250000000005
0 0.7798706896551724 0.5328017241379313 0.7544612068965517 0.5102155172413795 0.7433405172413792 0.5227262931034484 0.7687499999999999 0.5453125000000002
0 0.5234375000000002 0.7640625 0.5046875000000002 0.7640625 0.5046875000000002 0.778125 0.5234375000000002 0.778125
0 0.11406250000000004 0.484375 0.09375000000000007 0.484375 0.09375000000000007 0.49375 0.11406250000000004 0.49375
0 0.528125 0.640625 0.5109375 0.640625 0.5109375 0.6546875 0.528125 0.6546875
0 0.5695937500000001 0.23003125000000013 0.5507812500000001 0.2273437500000001 0.5491875 0.2385000000000001 0.5680000000000002 0.2411875000000001
0 0.54296875 0.14609375000000008 0.51328125 0.11640625000000007 0.4921875 0.13750000000000004 0.521875 0.16718750000000004
0 0.4490384615384616 0.16081730769230768 0.44735576923076925 0.1524038461538462 0.43383413461538467 0.1551081730769231 0.435516826923077 0.16352163461538458
0 0.7578125 0.5843750000000002 0.7484375 0.5843750000000002 0.7484375 0.5953125000000001 0.7578125 0.5953125000000001
0 0.4715625 0.22750000000000004 0.465625 0.215625 0.4512500000000001 0.22281250000000002 0.4571875 0.23468750000000008
0 0.4812500000000002 0.740625 0.46093750000000017 0.740625 0.46093750000000017 0.753125 0.4812500000000002 0.753125
0 0.6125000000000002 0.759375 0.5984375000000002 0.759375 0.5984375000000002 0.778125 0.6125000000000002 0.778125
0 0.459375 0.16562500000000005 0.4453125 0.16562500000000005 0.4453125 0.17500000000000004 0.459375 0.17500000000000004
0 0.4796875 0.678125 0.453125 0.678125 0.453125 0.70625 0.4796875 0.70625
0 0.503125 0.428125 0.4875 0.428125 0.4875 0.4453125 0.503125 0.4453125
0 0.5755048076923077 0.10064903846153853 0.5614663461538462 0.09889423076923085 0.560360576923077 0.10774038461538468 0.5743990384615385 0.10949519230769238
0 0.4515625 0.26250000000000007 0.4296875 0.26250000000000007 0.4296875 0.2765625000000001 0.4515625 0.2765625000000001
0 0.5109375 0.2375000000000001 0.4921875 0.2375000000000001 0.4921875 0.2484375000000001 0.5109375 0.2484375000000001
0 0.5538325471698112 0.21966391509433972 0.5514150943396225 0.2112028301886793 0.5359375 0.215625 0.5383549528301886 0.22408608490566043
0 0.453125 0.4578125 0.4375 0.4578125 0.4375 0.475 0.453125 0.475
0 0.46171875000000007 0.5960937500000002 0.4414062500000001 0.5757812500000001 0.4281250000000001 0.5890625 0.4484375000000001 0.6093750000000001
0 0.6520220588235294 0.13777573529411766 0.6492647058823529 0.12674632352941173 0.6323529411764705 0.13097426470588233 0.635110294117647 0.14200367647058826
0 0.7390625 0.5281250000000001 0.715625 0.528125 0.715625 0.5421875 0.7390625 0.5421875000000002
0 0.809375 0.7875000000000002 0.7875000000000002 0.7875000000000002 0.7875000000000002 0.8046875 0.809375 0.8046875
0 0.500835396039604 0.15727103960396047 0.47995049504950504 0.15518254950495058 0.47875928217821795 0.1670946782178219 0.49964418316831694 0.16918316831683178
0 0.48841911764705886 0.7224264705882353 0.48529411764705876 0.7099264705882351 0.4709558823529411 0.7135110294117646 0.4740808823529411 0.7260110294117648
0 0.4205818965517241 0.4827047413793103 0.4130387931034482 0.46384698275862074 0.39525862068965517 0.470959051724138 0.40280172413793097 0.4898168103448276
0 0.8708504098360658 0.45904200819672136 0.8554815573770493 0.446234631147541 0.8467725409836067 0.4566854508196722 0.8621413934426231 0.46949282786885255
0 0.44765271493212666 0.5256151018099547 0.4147680995475113 0.4941006787330317 0.3585364819004525 0.552777149321267 0.3914210972850678 0.5842915723981901
0 0.6171875000000001 0.5843750000000001 0.6073057432432434 0.5827280405405406 0.6062500000000001 0.5890625000000002 0.6161317567567568 0.5907094594594596
0 0.678125 0.1703125000000001 0.6515625 0.1703125000000001 0.6515625 0.1859375000000001 0.678125 0.1859375000000001
0 0.5953125 0.596875 0.571875 0.596875 0.571875 0.6234375 0.5953125 0.6234375
0 0.6343750000000001 0.9890625 0.6218750000000002 0.9890625 0.6218750000000002 0.9984375 0.6343750000000001 0.9984375
0 0.8469339622641507 0.40801886792452835 0.842570754716981 0.39274764150943403 0.8215212264150942 0.3987617924528302 0.8258844339622641 0.4140330188679246
0 0.7765625 0.6375000000000002 0.759375 0.6375000000000002 0.759375 0.6515625000000002 0.7765625 0.6515625000000002
0 0.5328125 0.4843750000000001 0.5246875 0.4681250000000001 0.5128125000000001 0.47406250000000016 0.5209375 0.4903125000000001
0 0.6552884615384615 0.9626201923076924 0.640625 0.940625 0.6269230769230769 0.9497596153846153 0.6415865384615385 0.9717548076923077
0 0.675 0.0906250000000001 0.615625 0.09062500000000008 0.615625 0.11718750000000008 0.675 0.11718750000000008
0 0.7778125 0.3865625000000001 0.7646875000000002 0.3800000000000001 0.758125 0.39312500000000017 0.77125 0.39968750000000014
0 0.5578750000000001 0.0917500000000001 0.5458437500000001 0.09003125000000009 0.544875 0.09681250000000009 0.5569062500000002 0.0985312500000001
0 0.6390625 0.078125 0.6367647058823529 0.06893382352941177 0.6139705882352942 0.07463235294117647 0.6162683823529413 0.0838235294117647