0 0.4125 0.3296875 0.3328125 0.3296875 0.33281250000000007 0.4 0.4125 0.4
0 0.1892631880733945 0.058185206422018375 0.1059776376146789 0.03319954128440368 0.0928612385321101 0.07692087155963305 0.1761467889908257 0.10190653669724774
0 0.2390625 0.11875000000000005 0.203125 0.11875000000000005 0.203125 0.13437500000000005 0.2390625 0.13437500000000005
0 0.8280048076923077 0.48064903846153867 0.7796875000000001 0.44843750000000016 0.7573317307692309 0.4819711538461541 0.8056490384615385 0.5141826923076926
0 0.4774075875486381 0.41772859922178984 0.4075632295719845 0.413363326848249 0.4047057392996109 0.45908317120622577 0.4745500972762645 0.4634484435797666
0 0.6453125 0.5296875 0.6140625 0.5296875 0.6140625 0.5609375 0.6453125 0.5609375
0 0.7290600000000002 0.585795 0.7203450000000001 0.5559149999999999 0.643905 0.57821 0.65262 0.60809
0 0.2589104729729731 0.4371621621621622 0.17934966216216222 0.423902027027027 0.16689189189189194 0.4986486486486488 0.2464527027027028 0.5119087837837839
0 0.409375 0.3265625000000001 0.3421875 0.32656250000000003 0.34218750000000003 0.39843750000000006 0.409375 0.3984375000000001
0 0.5523226351351352 0.16262668918918927 0.532052364864865 0.15924831081081087 0.5291385135135136 0.17673141891891903 0.549408783783784 0.18010979729729742
0 0.6919763513513514 0.42782939189189184 0.6803631756756757 0.41157094594594595 0.6502111486486488 0.43310810810810807 0.6618243243243244 0.449366554054054
0 0.0901654411764706 0.5403492647058824 0.08446691176470586 0.5175551470588236 0.04623161764705881 0.5271139705882353 0.05193014705882355 0.5499080882352941
0 0.6202934451219513 0.879516006097561 0.6131859756097561 0.8155487804878048 0.5615663109756097 0.8212842987804878 0.5686737804878048 0.885251524390244
0 0.6469394329896907 0.687355025773196 0.6043170103092784 0.6684117268041239 0.590270618556701 0.7000161082474229 0.6328930412371134 0.718959407216495
0 0.48419868677042793 0.7753039883268483 0.47986989299610894 0.7060432879377432 0.44436405642023347 0.7082624027237354 0.4486928501945525 0.7775231031128406
0 0.9984375 0.5250000000000001 0.7562500000000001 0.5250000000000001 0.7562500000000002 0.925 0.9984375 0.925
0 0.5609375 0.3578125000000001 0.4796875 0.3578125000000001 0.4796875 0.40625 0.5609375 0.40625
0 0.5843750000000002 0.7421875 0.5453125000000002 0.7421875 0.5453125000000002 0.775 0.5843750000000002 0.775
0 0.20259579728059332 0.1489010352286774 0.14424443757725589 0.13848114956736712 0.1409320920889988 0.15703028430160695 0.19928345179233622 0.16745016996291723
0 0.19093750000000004 0.12125000000000004 0.1665625 0.10906250000000002 0.159375 0.12343750000000002 0.18375000000000002 0.13562500000000005
0 0.15432692307692308 0.2638221153846154 0.1373798076923077 0.2525240384615385 0.12463942307692308 0.27163461538461536 0.14158653846153846 0.2829326923076923
0 0.5508413461538461 0.3229567307692308 0.5007211538461538 0.2895432692307693 0.46899038461538456 0.33713942307692313 0.5191105769230769 0.37055288461538466
0 0.38062499999999994 0.5356249999999999 0.3675 0.49624999999999997 0.28781249999999997 0.5228124999999999 0.30093749999999997 0.5621875
0 0.5298191713483146 0.5255705758426965 0.521971558988764 0.4915642556179775 0.4482531601123595 0.5085761938202247 0.45610077247191005 0.5425825140449437
0 0.2790948275862069 0.021012931034482797 0.23868534482758622 0.004849137931034508 0.2318965517241379 0.021821120689655193 0.2723060344827586 0.03798491379310348
0 0.35570165094339623 0.3079245283018869 0.32502358490566036 0.27445754716981136 0.30712264150943397 0.2908667452830189 0.33780070754716984 0.3243337264150944
0 0.7015625000000002 0.85625 0.5546875000000002 0.85625 0.5546875000000002 0.9265625 0.7015625000000002 0.9265625
0 0.2519944852941176 0.3578216911764706 0.2261305147058823 0.31717830882352943 0.19327205882352938 0.33808823529411763 0.21913602941176466 0.37873161764705887