0 0.5576923076923077 0.3540865384615385 0.5513822115384615 0.3225360576923077 0.4927884615384615 0.3342548076923077 0.49909855769230765 0.3658052884615385
0 0.6812500000000001 0.75 0.6625000000000002 0.75 0.6625000000000002 0.7671875 0.6812500000000001 0.7671875
0 0.8591923076923077 0.40208653846153836 0.8410192307692308 0.35059615384615384 0.7393461538461539 0.3864807692307692 0.7575192307692308 0.4379711538461538
0 0.98359375 0.3320312500000001 0.96328125 0.31171875000000004 0.95 0.32500000000000007 0.9703125 0.34531250000000013
0 0.3297003073770492 0.9345158811475409 0.3267674180327869 0.9022540983606555 0.29605532786885247 0.9050461065573769 0.29898821721311475 0.9373078893442622
0 0.5551829268292684 0.3658536585365854 0.5378620426829269 0.3639291158536586 0.5356897865853659 0.38347942073170743 0.5530106707317073 0.38540396341463423
0 0.820131215469613 0.15188190607734833 0.7904523480662979 0.11890538674033171 0.70939226519337 0.19185946132596698 0.7390711325966848 0.2248359806629836
0 0.48562500000000003 0.9115625000000002 0.47625 0.8834375000000001 0.45187499999999997 0.8915625 0.46125 0.9196875
0 0.699563769035533 0.4407677664974619 0.6973350253807107 0.4095653553299493 0.6492544416243655 0.4129996827411168 0.6514831852791878 0.4442020939086294
0 0.759375 0.5343750000000002 0.7234375 0.534375 0.7234375 0.5625000000000001 0.759375 0.5625000000000002
0 0.9255017201834861 0.16938073394495415 0.9215452981651374 0.15619266055045875 0.8953125 0.1640625 0.8992689220183486 0.1772505733944954
0 0.65703125 0.7398437500000001 0.59140625 0.6742187500000002 0.46640625 0.7992187500000002 0.53203125 0.86484375
0 0.6351562500000001 0.5710937500000003 0.60625 0.5421875 0.5875 0.5609375 0.6164062500000002 0.5898437500000002
0 0.5109375 0.721875 0.48125 0.721875 0.48125000000000007 0.7546875 0.5109375000000002 0.7546875
0 0.835 0.10437500000000006 0.8303125 0.09500000000000006 0.8071875000000001 0.10656249999999998 0.811875 0.11593749999999999
0 0.4921875 0.38750000000000007 0.45625 0.38750000000000007 0.45625 0.4265625 0.4921875 0.4265625
0 0.6485024176217766 0.4700774534383956 0.5872851002865331 0.43547636103151877 0.5629857628939829 0.4784674964183383 0.6242030802292264 0.5130685888252151
0 0.7088341346153847 0.6566706730769232 0.699579326923077 0.6103966346153846 0.6545072115384615 0.6194110576923078 0.6637620192307693 0.6656850961538463
0 0.8971153846153846 0.3097355769230769 0.8810096153846153 0.285576923076923 0.8280048076923077 0.32091346153846145 0.8441105769230768 0.34507211538461535
0 0.628125 0.4171875 0.603125 0.4171875 0.603125 0.4390625 0.628125 0.4390625
0 0.21875000000000008 0.8734375 0.1937500000000001 0.8734375 0.1937500000000001 0.9015625 0.21875000000000008 0.9015625
0 0.9595913461538462 0.3079807692307692 0.9559855769230771 0.27913461538461537 0.8952163461538462 0.2867307692307692 0.8988221153846153 0.3155769230769231
0 0.667018581081081 0.5474239864864867 0.6448479729729729 0.531587837837838 0.6356630067567568 0.5444467905405407 0.6578336148648649 0.5602829391891894
0 0.8671875 0.10000000000000009 0.8459375 0.08937500000000012 0.8396874999999999 0.10187500000000012 0.8609375 0.11250000000000009
0 0.14687500000000014 0.971875 0.12500000000000014 0.971875 0.12500000000000014 0.9984375 0.14687500000000014 0.9984375
0 0.04062500000000001 0.065625 0.015625000000000007 0.065625 0.015625000000000007 0.078125 0.04062500000000001 0.078125
0 0.18367239932885904 0.8856019295302012 0.1785287332214765 0.8564544882550335 0.14955956375838925 0.8615666946308724 0.15470322986577179 0.8907141359060402
0 0.7640625 0.11250000000000009 0.7234375 0.11250000000000009 0.7234375 0.1375000000000001 0.7640625 0.1375000000000001
0 0.85625 0.5781250000000002 0.8015625 0.5781250000000002 0.8015625 0.6015625000000002 0.85625 0.6015625000000002
0 0.42500000000000016 0.88125 0.39531250000000007 0.88125 0.39531250000000007 0.9046875 0.42500000000000016 0.9046875
0 0.5895198170731707 0.5088033536585366 0.4744283536585365 0.41673018292682923 0.3800685975609755 0.5346798780487805 0.4951600609756097 0.6267530487804878
0 0.7049759615384615 0.2180048076923078 0.6751682692307692 0.2142788461538462 0.6723076923076923 0.23716346153846163 0.7021153846153846 0.24088942307692318
0 0.27735655737704923 0.666547131147541 0.27485911885245906 0.6390753073770492 0.25414959016393446 0.6409579918032787 0.2566470286885246 0.6684298155737706
0 0.7181761615044248 0.19610757743362842 0.6853014380530974 0.19391592920353992 0.6841814159292036 0.21071626106194702 0.7170561393805309 0.21290790929203549
0 0.8238125000000001 0.5051874999999999 0.8039375000000002 0.47868750000000004 0.7584375000000001 0.5128125000000001 0.7783125 0.5393125
0 0.5708490566037736 0.4195341981132076 0.5299056603773585 0.41185731132075476 0.5255896226415094 0.4348761792452831 0.5665330188679245 0.4425530660377359
0 0.015625000000000114 0.921875 1.1289712679639661e-16 0.921875 1.1471496188888098e-16 0.9515625 0.015625000000000118 0.9515625
0 0.7355247641509435 0.6938679245283019 0.7225235849056604 0.6866450471698113 0.7111733490566038 0.7070754716981134 0.7241745283018868 0.7142983490566038
0 0.63671875 0.31328125000000007 0.61640625 0.2929687500000001 0.5796875 0.3296875000000001 0.6 0.3500000000000001
0 0.7901410398230088 0.09788440265486735 0.7777516592920353 0.0837251106194691 0.7609375 0.0984375 0.7733268805309734 0.11259679203539825
0 0.484375 0.646875 0.44375 0.646875 0.44375 0.696875 0.484375 0.696875
0 0.25558189655172425 0.5220797413793105 0.18859913793103458 0.5164978448275863 0.17915948275862079 0.6297737068965518 0.24614224137931046 0.6353556034482759
0 0.6671875 0.35468750000000004 0.6543749999999999 0.3290625 0.6168750000000001 0.34781249999999997 0.6296875000000001 0.3734375
0 0.13593750000000013 0.9234375 0.09843750000000011 0.9234375 0.09843750000000011 0.9625 0.13593750000000013 0.9625
0 0.6786601027397261 0.6972602739726028 0.6611943493150684 0.6506849315068493 0.6308861301369862 0.6620505136986301 0.6483518835616439 0.7086258561643837
0 0.6570312500000001 0.7398437500000002 0.590625 0.6734375000000001 0.43359375 0.83046875 0.5000000000000002 0.8968750000000002
0 0.38167747641509436 0.7104805424528303 0.34625589622641517 0.690801886792453 0.3282724056603775 0.7231721698113208 0.36369398584905666 0.7428508254716981
0 0.542834051724138 0.712553879310345 0.5342133620689655 0.6910021551724139 0.5078125000000001 0.7015625 0.5164331896551725 0.7231142241379311
0 0.7715371621621623 0.4957770270270271 0.7558065878378379 0.473754222972973 0.7408783783783784 0.4844172297297297 0.7566089527027028 0.5064400337837839
0 0.884375 0.1468750000000001 0.8359375 0.1468750000000001 0.8359375 0.17343750000000008 0.884375 0.17343750000000008
0 0.3846342794759825 0.884757096069869 0.37748362445414846 0.8311271834061135 0.3475982532751091 0.8351118995633188 0.35474890829694317 0.8887418122270742
0 0.9171875 0.5203125000000002 0.865625 0.5203125000000002 0.865625 0.5500000000000002 0.9171875 0.5500000000000002
0 0.5565625 0.5521875000000002 0.5277884615384616 0.5357451923076925 0.5150961538461539 0.5579567307692309 0.5438701923076923 0.5743990384615386
0 0.4592490403071018 0.46571197216890603 0.40844529750479863 0.4377699136276393 0.3973608445297506 0.4579234644913629 0.4481645873320538 0.48586552303262964
0 0.023437500000000104 0.828125 1.0141606305439018e-16 0.828125 1.0304254708450775e-16 0.8546875 0.023437500000000104 0.8546875
0 0.5859375 0.515625 0.5484375 0.515625 0.5484375 0.540625 0.5859375 0.540625
0 0.6265625 0.609375 0.603125 0.609375 0.603125 0.6296875 0.6265625 0.6296875
0 0.79390625 0.6551562500000001 0.7748437499999999 0.5979687499999999 0.72140625 0.6157812499999998 0.74046875 0.6729687500000001
0 0.7328125 0.22656250000000008 0.7046875 0.22656250000000008 0.7046875 0.24375000000000008 0.7328125 0.24375000000000008
0 0.578927364864865 0.6404983108108109 0.5588682432432434 0.6124155405405406 0.5402449324324325 0.6257179054054055 0.5603040540540541 0.6538006756756758
0 0.45375 0.8299999999999998 0.4198437499999999 0.7282812499999999 0.3678125 0.7456249999999999 0.40171875 0.84734375
0 0.41887019230769235 0.6693509615384616 0.3647836538461539 0.6332932692307693 0.3450721153846154 0.6628605769230772 0.39915865384615384 0.6989182692307694
0 0.15598557692307702 0.7521153846153846 0.1096394230769232 0.7463221153846155 0.10685096153846167 0.7686298076923077 0.1531971153846155 0.7744230769230769
0 0.7078125 0.36406250000000007 0.690625 0.36406250000000007 0.690625 0.3765625000000001 0.7078125 0.3765625000000001
0 0.4552500000000001 0.9132500000000002 0.4411875000000001 0.8945000000000002 0.4256875000000001 0.9061250000000001 0.4397500000000001 0.9248750000000001
0 0.521875 0.3593750000000001 0.4921875 0.3593750000000001 0.4921875 0.37968750000000007 0.521875 0.37968750000000007
0 0.6296875 0.678125 0.6046875 0.678125 0.6046875 0.70625 0.6296875 0.70625
0 0.7945913461538461 0.3370192307692309 0.7466346153846153 0.3050480769230771 0.7098557692307692 0.36021634615384635 0.7578124999999999 0.3921875000000002
0 0.07355182926829268 0.08959603658536587 0.06760670731707316 0.08216463414634147 0.05007621951219512 0.0961890243902439 0.05602134146341463 0.10362042682926831
0 0.4493990384615385 0.6891826923076924 0.4242067307692309 0.6860336538461539 0.42235576923076923 0.7008413461538463 0.4475480769230769 0.7039903846153848
0 0.6605921961325967 0.510626726519337 0.641686809392265 0.4936118784530386 0.6194665055248618 0.5183011049723756 0.6383718922651933 0.5353159530386741
0 0.9005362426035501 0.13597448224852077 0.8945266272189348 0.12155140532544376 0.8660133136094675 0.13343195266272181 0.8720229289940828 0.14785502958579883
0 0.9984375 0.13437500000000013 0.9421875 0.13437500000000013 0.9421875 0.17031250000000014 0.9984375 0.17031250000000014
0 0.6957692307692308 0.33165865384615395 0.6621875 0.3225000000000001 0.6568149038461539 0.3421995192307693 0.6903966346153847 0.3513581730769232
0 0.6898686305732482 0.27117834394904455 0.6654558121019106 0.2578622611464968 0.655841958598726 0.27548765923566876 0.6802547770700635 0.2888037420382165
0 0.2050287969283276 0.6513385238907848 0.20114654436860063 0.6183393771331058 0.12399744027303754 0.6274157423208191 0.12787969283276449 0.6604148890784981
0 0.6703125 0.6 0.65 0.6 0.65 0.6125 0.6703125 0.6125
0 0.7140625 0.2812500000000001 0.6859375 0.2812500000000001 0.6859375 0.3062500000000001 0.7140625 0.3062500000000001
0 0.2721875 0.7790625 0.2365625000000001 0.7612500000000001 0.2287500000000001 0.7768750000000001 0.264375 0.7946875
0 0.3421875000000001 0.73125 0.3156250000000001 0.73125 0.3156250000000001 0.759375 0.3421875000000001 0.759375
0 0.546551724137931 0.6164331896551725 0.5029094827586207 0.5989762931034484 0.4867456896551724 0.6393857758620691 0.5303879310344828 0.6568426724137932
0 0.22031250000000008 0.9734375 0.20312500000000008 0.9734375 0.20312500000000008 0.996875 0.22031250000000008 0.996875