3 0.3828125000000001 0.49375 0.3734375000000001 0.49375 0.3734375000000001 0.5109375 0.3828125000000001 0.5109375
3 0.5465625000000001 0.593125 0.54125 0.5825000000000001 0.5325000000000001 0.5868750000000001 0.5378125 0.5975
3 0.254326923076923 0.4513221153846154 0.24747596153846158 0.44675480769230774 0.2431490384615385 0.45324519230769234 0.24999999999999994 0.4578125
3 0.2889705882352941 0.5097426470588236 0.2812500000000001 0.5078125 0.27922794117647065 0.5159007352941176 0.28694852941176474 0.5178308823529412
3 0.3843750000000001 0.496875 0.3750000000000001 0.496875 0.3750000000000001 0.509375 0.3843750000000001 0.509375
3 0.4031249999999999 0.4937499999999999 0.39984374999999994 0.48390625 0.39281249999999995 0.48624999999999996 0.3960937499999999 0.4960937499999999
3 0.3140625000000001 0.4 0.3078125000000001 0.4 0.3078125000000001 0.4078125 0.3140625000000001 0.4078125
3 0.33671875000000007 0.5242187500000002 0.3304687500000001 0.5179687500000002 0.32109375000000007 0.5273437500000001 0.3273437500000001 0.5335937500000001
3 0.4953125 0.5421875 0.4875 0.5421875 0.4875 0.553125 0.4953125 0.553125
3 0.2415865384615385 0.5295673076923076 0.234375 0.528125 0.2326923076923077 0.5365384615384615 0.23990384615384622 0.5379807692307692
3 0.2515625000000001 0.5125 0.2375000000000001 0.5125 0.2375000000000001 0.521875 0.2515625000000001 0.521875
3 0.440625 0.5859375000000002 0.4359375 0.5812500000000002 0.4289062500000001 0.5882812500000001 0.4335937500000001 0.59296875
3 0.4171875 0.5859375 0.409375 0.5859375 0.409375 0.6 0.4171875 0.6
3 0.7187499999999999 0.5734375000000002 0.7106250000000001 0.5693750000000002 0.7059375 0.5787500000000001 0.7140624999999999 0.5828125000000002
3 0.515625 0.5140625 0.50625 0.5140625 0.50625 0.5265625 0.515625 0.5265625
3 0.434375 0.5328125 0.425 0.5328125 0.425 0.54375 0.434375 0.54375
3 0.3546875000000001 0.534375 0.3453125000000001 0.534375 0.3453125000000001 0.5453125 0.3546875000000001 0.5453125
3 0.4828125 0.540625 0.4765625 0.540625 0.4765625 0.546875 0.4828125 0.546875
3 0.5015625 0.4890625 0.4921875 0.4890625 0.4921875 0.5015625 0.5015625 0.5015625
3 0.415625 0.540625 0.409375 0.540625 0.409375 0.553125 0.415625 0.553125
3 0.4535386029411764 0.5850643382352941 0.44802389705882356 0.5758731617647059 0.4413602941176471 0.5798713235294117 0.446875 0.5890625
3 0.39350961538461543 0.5824519230769231 0.38629807692307694 0.5810096153846154 0.3842548076923077 0.5912259615384616 0.3914663461538462 0.5926682692307692
3 0.5854729729729731 0.6043496621621622 0.5781250000000001 0.6031250000000001 0.5765625000000001 0.6125000000000002 0.583910472972973 0.6137246621621623
3 0.4390625 0.478125 0.4345552884615384 0.47722355769230773 0.4328125 0.4859375 0.4373197115384615 0.4868389423076923
3 0.46875 0.5171875 0.459375 0.5171875 0.459375 0.5296875 0.46875 0.5296875
3 0.45703125 0.56953125 0.45078125 0.5632812500000002 0.44453125 0.5695312500000002 0.4507812499999999 0.5757812500000001
3 0.2671875000000001 0.4875 0.25468750000000007 0.4875 0.25468750000000007 0.5046875 0.2671875000000001 0.5046875
3 0.3109375000000001 0.4890625 0.30156250000000007 0.4890625 0.30156250000000007 0.4984375 0.3109375000000001 0.4984375
3 0.6051470588235295 0.5997242647058825 0.6 0.5984375000000001 0.5979779411764706 0.6065257352941178 0.6031250000000001 0.6078125000000002
3 0.35097128378378384 0.45979729729729735 0.3441300675675677 0.45865709459459464 0.34218750000000014 0.4703125000000001 0.3490287162162163 0.4714527027027028
3 0.3546875000000001 0.509375 0.3421875000000001 0.509375 0.3421875000000001 0.521875 0.3546875000000001 0.521875
3 0.3343750000000001 0.5046875 0.3281250000000001 0.5046875 0.3281250000000001 0.5125 0.3343750000000001 0.5125
3 0.5015625 0.4609375 0.4875 0.4609375 0.4875 0.475 0.5015625 0.475
3 0.41875 0.5640625 0.4125 0.5640625 0.4125 0.571875 0.41875 0.571875
3 0.23593750000000008 0.4828125 0.2296875000000001 0.4828125 0.2296875000000001 0.4921875 0.23593750000000008 0.4921875
3 0.3716346153846154 0.5433894230769231 0.364423076923077 0.5419471153846154 0.36250000000000004 0.5515625 0.3697115384615385 0.5530048076923078
3 0.37968750000000007 0.5875 0.3734375000000001 0.5875 0.3734375000000001 0.5984375 0.37968750000000007 0.5984375
3 0.24375000000000008 0.496875 0.23437500000000008 0.496875 0.23437500000000008 0.50625 0.24375000000000008 0.50625
3 0.27289663461538466 0.37385817307692315 0.27103365384615385 0.3645432692307692 0.2653245192307693 0.36568509615384615 0.2671875 0.37500000000000006
3 0.3766826923076924 0.5165865384615385 0.371875 0.515625 0.3700721153846154 0.5246394230769231 0.3748798076923078 0.5256009615384616
3 0.2156250000000001 0.503125 0.2078125000000001 0.503125 0.2078125000000001 0.5140625 0.2156250000000001 0.5140625
3 0.31718750000000007 0.540625 0.3062500000000001 0.540625 0.3062500000000001 0.553125 0.31718750000000007 0.553125
3 0.3609375000000001 0.559375 0.3546875000000001 0.559375 0.3546875000000001 0.56875 0.3609375000000001 0.56875
3 0.5129595588235294 0.3815257352941177 0.5109375 0.37343750000000003 0.49623161764705886 0.3771139705882353 0.4982536764705882 0.385202205882353
3 0.409375 0.5546875 0.4015625 0.5546875 0.4015625 0.5640625 0.409375 0.5640625
3 0.3140625000000001 0.528125 0.3062500000000001 0.528125 0.3062500000000001 0.5375 0.3140625000000001 0.5375
3 0.3920400943396226 0.46067216981132086 0.38750000000000007 0.4593750000000001 0.384375 0.4703125000000001 0.3889150943396226 0.47160966981132085
3 0.5538461538461539 0.5870192307692308 0.5442307692307692 0.5850961538461539 0.5425480769230769 0.5935096153846154 0.5521634615384616 0.5954326923076924
3 0.32500000000000007 0.465625 0.3156250000000001 0.465625 0.3156250000000001 0.4765625 0.32500000000000007 0.4765625
3 0.32512019230769235 0.4853365384615384 0.3203125000000001 0.484375 0.31862980769230775 0.49278846153846156 0.3234375 0.49375
3 0.33467548076923076 0.4578725961538462 0.33016826923076925 0.45697115384615383 0.32812500000000006 0.4671875 0.33263221153846156 0.4680889423076923
3 0.5765625 0.603125 0.565625 0.603125 0.565625 0.615625 0.5765625 0.615625
3 0.28437500000000004 0.571875 0.2786057692307693 0.5680288461538462 0.27403846153846156 0.5748798076923077 0.2798076923076923 0.5787259615384616