0 0.353125 0.13281250000000006 0.3234375 0.13281250000000006 0.3234375 0.14375000000000004 0.353125 0.14375000000000004
0 0.315625 0.19062500000000004 0.284375 0.19062500000000004 0.284375 0.2046875 0.315625 0.2046875
0 0.3625 0.18593750000000003 0.3296875 0.18593750000000003 0.3296875 0.20625 0.3625 0.20625
0 0.28125 0.2625 0.25625 0.2625 0.25625 0.2734375 0.28125 0.2734375
0 0.3015625 0.3 0.271875 0.3 0.271875 0.3171875 0.3015625 0.3171875
0 0.2703125 0.3203125 0.2390625 0.3203125 0.2390625 0.33125 0.2703125 0.33125
0 0.2265625 0.3203125 0.19843750000000004 0.3203125 0.19843750000000004 0.3359375 0.2265625 0.3359375
0 0.3328125 0.3296875 0.303125 0.3296875 0.303125 0.346875 0.3328125 0.346875
0 0.4 0.23437500000000008 0.3765625 0.23437500000000008 0.3765625 0.2531250000000001 0.4 0.2531250000000001
0 0.38125 0.25468750000000007 0.359375 0.2546875 0.359375 0.27187500000000003 0.38125 0.2718750000000001
0 0.4375 0.11562500000000005 0.4078125 0.11562500000000005 0.4078125 0.12968750000000004 0.4375 0.12968750000000004
0 0.434375 0.15000000000000005 0.4078125 0.15000000000000005 0.4078125 0.16875000000000004 0.434375 0.16875000000000004
1 0.2968750000000001 0.675 0.15625000000000008 0.675 0.15625000000000008 0.7828125 0.2968750000000001 0.7828125
1 0.3031250000000001 0.4984375 0.2671875000000001 0.4984375 0.2671875000000001 0.5265625 0.3031250000000001 0.5265625
1 0.27812500000000007 0.5296875 0.2375000000000001 0.5296875 0.2375000000000001 0.5484375 0.27812500000000007 0.5484375
1 0.31718750000000007 0.5484375 0.2875000000000001 0.5484375 0.2875000000000001 0.5703125 0.31718750000000007 0.5703125
1 0.5625 0.3937500000000001 0.4921875 0.3937500000000001 0.4921875 0.44375 0.5625 0.44375
1 0.6546875000000001 0.721875 0.5640625 0.721875 0.5640625000000001 0.8015625 0.6546875000000002 0.8015625
3 0.8390625 0.875 0.809375 0.875 0.809375 0.8984375 0.8390625 0.8984375
3 0.8078125 0.8109375 0.7875000000000002 0.8109375 0.7875000000000002 0.8234375 0.8078125 0.8234375
3 0.8796875 0.8140625 0.84375 0.8140625 0.84375 0.840625 0.8796875 0.840625
3 0.7375000000000002 0.9 0.7203125000000001 0.9 0.7203125000000001 0.91875 0.7375000000000002 0.91875
1 0.6437500000000002 0.9375 0.5250000000000001 0.9375 0.5250000000000001 0.996875 0.6437500000000002 0.996875