0 0.2765625000000001 0.5953125 0.26250000000000007 0.5953125 0.26250000000000007 0.615625 0.2765625000000001 0.615625
0 0.7609375 0.6359375000000002 0.73125 0.6359375000000002 0.73125 0.6828125000000002 0.7609375 0.6828125000000002
0 0.9515625 0.5546875000000002 0.934375 0.5546875000000002 0.934375 0.5843750000000002 0.9515625 0.5843750000000002
0 0.4915396341463415 0.0480182926829269 0.47404725609756093 0.04607469512195128 0.4713033536585365 0.07076981707317079 0.48879573170731705 0.0727134146341464
0 0.4323814655172414 0.15829741379310344 0.42429956896551724 0.13809267241379314 0.41217672413793105 0.1429418103448276 0.42025862068965514 0.16314655172413792
0 0.8359375 0.39531250000000007 0.80625 0.39531250000000007 0.80625 0.4234375000000002 0.8359375 0.4234375000000002
0 0.6163798076923077 0.20985096153846156 0.5898125000000001 0.20837500000000003 0.5873413461538461 0.2528557692307693 0.6139086538461538 0.2543317307692308
0 0.6046875 0.4375 0.5828125 0.4375 0.5828125 0.471875 0.6046875 0.471875
0 0.22031250000000008 0.678125 0.20312500000000008 0.678125 0.20312500000000008 0.7015625 0.22031250000000008 0.7015625
0 0.53203125 0.19921875000000006 0.5140625 0.1812500000000001 0.49140625 0.2039062500000001 0.509375 0.2218750000000001
0 0.6188886834319527 0.9231046597633137 0.5996948964497041 0.9151072485207102 0.5851331360946744 0.9500554733727811 0.604326923076923 0.9580528846153846
0 0.5362500000000001 0.5321875 0.5226875 0.53025 0.51959375 0.5519062499999999 0.53315625 0.55384375
0 0.018750000000000065 0.503125 6.161504208210122e-17 0.503125 6.371990376813572e-17 0.5375 0.018750000000000065 0.5375
0 0.041999999999999996 0.13618750000000002 0.0363125 0.09637500000000002 0.015750000000000004 0.09931250000000001 0.021437499999999998 0.139125
0 0.23841911764705886 0.12288602941176474 0.228125 0.12031250000000002 0.22408088235294116 0.13648897058823534 0.23437500000000006 0.13906250000000003
0 0.49945913461538466 0.530108173076923 0.48822115384615394 0.5270432692307693 0.48173076923076935 0.5508413461538462 0.49296875 0.55390625
0 0.5953125000000001 0.7421875 0.5718750000000001 0.7421875 0.5718750000000001 0.778125 0.5953125000000001 0.778125
0 0.6671875000000002 0.7921875 0.6500000000000001 0.7921875 0.6500000000000001 0.828125 0.6671875000000002 0.828125
0 0.5828125000000002 0.8890625 0.5593750000000002 0.8890625 0.5593750000000002 0.9265625 0.5828125000000002 0.9265625
0 0.5640625 0.63125 0.546875 0.63125 0.546875 0.6578125 0.5640625 0.6578125
0 0.8332547169811321 0.30232900943396235 0.8237617924528301 0.26910377358490567 0.784139150943396 0.2804245283018868 0.793632075471698 0.3136497641509435
0 0.5093750000000001 0.9453125 0.4937500000000002 0.9453125 0.4937500000000002 0.9640625 0.5093750000000001 0.9640625
0 0.571875 0.5515625 0.5609375 0.5515625 0.5609375 0.56875 0.571875 0.56875
0 0.8171875 0.3609375000000001 0.7984375 0.3609375000000001 0.7984375 0.3906250000000001 0.8171875 0.3906250000000001
0 0.7109975961538461 0.2746995192307693 0.6770432692307692 0.2679086538461539 0.6629807692307692 0.3382211538461539 0.6969350961538461 0.34501201923076935
0 0.4171875 0.634375 0.3921875 0.621875 0.371875 0.6625 0.396875 0.675
0 0.3921875 0.2890625000000001 0.3703125 0.2890625000000001 0.3703125 0.3281250000000001 0.3921875 0.3281250000000001
0 0.12343750000000005 0.203125 0.09062500000000002 0.203125 0.09062500000000002 0.234375 0.12343750000000005 0.234375
0 0.3168022260273972 0.5833476027397261 0.30787671232876707 0.5595462328767123 0.27448630136986296 0.5720676369863014 0.2834118150684931 0.5958690068493151
0 0.2622694672131148 0.30722336065573774 0.24113729508196724 0.3053022540983607 0.23784579918032792 0.34150870901639346 0.25897797131147543 0.34342981557377056
0 0.4999999999999999 0.12187500000000002 0.48359374999999993 0.10546875000000003 0.46953125 0.11953125000000002 0.4859375 0.13593750000000002
0 0.09218750000000005 0.34375 0.07343750000000004 0.34375 0.07343750000000004 0.3734375 0.09218750000000005 0.3734375
0 0.565625 0.14375000000000007 0.5328125 0.14375000000000004 0.5328125 0.17968750000000006 0.565625 0.17968750000000008
0 0.7578125 0.3859375000000001 0.73125 0.3859375000000001 0.73125 0.4109375000000002 0.7578125 0.4109375000000002
0 0.7040962837837839 0.47073479729729745 0.6823057432432433 0.4671030405405407 0.6768158783783784 0.5000422297297299 0.698606418918919 0.5036739864864866
0 0.38567477876106193 0.839809181415929 0.3832688053097345 0.8037195796460177 0.36335730088495566 0.8050470132743361 0.36576327433628314 0.8411366150442475
0 0.6799278846153847 0.984735576923077 0.642908653846154 0.963581730769231 0.6293509615384616 0.9873076923076924 0.6663701923076923 1.0084615384615385
0 0.3159375 0.51 0.26875 0.4156250000000001 0.224375 0.43781250000000005 0.2715625 0.5321875
0 0.11875 0.09843750000000002 0.09843750000000002 0.09843750000000002 0.09843750000000002 0.128125 0.11875 0.128125
0 0.4671875000000001 0.7125 0.440625 0.7125 0.4406250000000001 0.746875 0.4671875000000002 0.746875
0 0.37791878172588833 0.3747620558375635 0.35648794416243657 0.3732312817258884 0.35426713197969545 0.4043226522842639 0.3756979695431472 0.40585342639593913
0 0.33281250000000007 0.6531250000000002 0.3062500000000001 0.6265625000000001 0.2843750000000001 0.6484375000000001 0.3109375000000001 0.675
0 0.3515625 0.2734375 0.3296875 0.2734375 0.3296875 0.30625 0.3515625 0.30625
0 0.24098557692307693 0.29555288461538465 0.23347355769230765 0.25799278846153845 0.21213942307692307 0.2622596153846154 0.21965144230769235 0.2998197115384616
0 0.16842672413793108 0.4914331896551724 0.14364224137931036 0.4815193965517241 0.13125 0.5125 0.15603448275862072 0.5224137931034483
0 0.6484375000000002 0.803125 0.6265625000000001 0.803125 0.6265625000000001 0.840625 0.6484375000000002 0.840625
0 0.852862278761062 0.6851908185840709 0.8314988938053098 0.683766592920354 0.8289823008849557 0.7215154867256637 0.850345685840708 0.7229397123893806
0 0.11718750000000003 0.146875 0.09531250000000002 0.146875 0.09531250000000002 0.1828125 0.11718750000000004 0.1828125
0 0.415625 0.496875 0.3968750000000001 0.496875 0.3968750000000001 0.5234375 0.415625 0.5234375
0 0.209375 0.14218750000000005 0.1890625 0.14218750000000005 0.1890625 0.16875000000000004 0.209375 0.16875000000000004
0 0.31646392617449665 0.3197252516778523 0.28805578859060404 0.2791421979865772 0.26362206375838926 0.29624580536912754 0.29203020134228186 0.33682885906040266
0 0.678125 0.678125 0.6625 0.678125 0.6625 0.7046875 0.678125 0.7046875
0 0.4171875 0.2234375000000001 0.390625 0.2234375000000001 0.390625 0.2578125000000001 0.4171875 0.2578125000000001
0 0.13593750000000004 0.26875 0.11406250000000004 0.26875 0.11406250000000004 0.29375 0.13593750000000004 0.29375
0 0.4223930702917772 0.5987649204244033 0.394491876657825 0.5581813660477455 0.34827171750663133 0.5899577254641911 0.37617291114058365 0.630541279840849
0 0.221875 0.103125 0.20234375 0.08359375000000001 0.18125 0.1046875 0.20078125 0.12421875
0 0.08281250000000007 0.5 0.06250000000000007 0.5 0.06250000000000007 0.5296875 0.08281250000000007 0.5296875
0 0.04026442307692309 0.3814903846153846 0.017427884615384602 0.34723557692307694 -0.0038461538461538104 0.36141826923076925 0.01899038461538467 0.3956730769230769
0 0.659375 0.3296875000000001 0.640625 0.3296875000000001 0.640625 0.3531250000000001 0.659375 0.3531250000000001
0 0.4517644230769231 0.8551971153846154 0.4490192307692308 0.8057836538461538 0.4193365384615384 0.8074326923076922 0.4220817307692307 0.8568461538461538
0 0.2765625 0.25625 0.2515625 0.25625 0.2515625 0.2875 0.2765625 0.2875
0 0.3312500000000001 0.4234375 0.30937500000000007 0.4234375 0.30937500000000007 0.4765625 0.3312500000000001 0.4765625
0 0.7167073170731708 0.8252591463414636 0.6970884146341463 0.8162042682926829 0.6762347560975609 0.8613871951219512 0.6958536585365854 0.8704420731707317
0 0.9173677884615383 0.3225360576923078 0.8737980769230769 0.3138221153846155 0.8682091346153845 0.341766826923077 0.911778846153846 0.3504807692307693
0 0.08750000000000002 0.2453125 0.06718750000000002 0.2453125 0.06718750000000002 0.271875 0.08750000000000002 0.271875
0 0.5021634615384616 0.35637019230769224 0.48581730769230774 0.3318509615384615 0.4587740384615385 0.34987980769230764 0.4751201923076923 0.37439903846153844
0 0.8329002808988765 0.46079705056179787 0.8122542134831463 0.4478932584269664 0.7968925561797755 0.4724719101123596 0.8175386235955056 0.48537570224719107
0 0.6609375 0.2656250000000001 0.615625 0.2656250000000001 0.615625 0.30937500000000007 0.6609375 0.30937500000000007
0 0.5104888613861387 0.7279238861386139 0.4916150990099011 0.7260365099009902 0.4885519801980198 0.7566676980198022 0.5074257425742574 0.758555074257426
0 0.46574353448275857 0.5436099137931035 0.46364224137931026 0.5183943965517243 0.4379094827586206 0.5205387931034483 0.44001077586206894 0.5457543103448276
1 1 0.6937500000000002 0.8984375 0.6937500000000002 0.8984375 0.9359375 1 0.9359375