0 0.23437500000000008 0.4796875 0.17187500000000006 0.4796875 0.17187500000000006 0.5296875 0.23437500000000008 0.5296875
0 0.382655201342282 0.6678586409395973 0.363150167785235 0.6542051174496645 0.3453125000000001 0.6796875 0.36481753355704705 0.6933410234899329
0 0.3376140510948905 0.601094890510949 0.3322764598540146 0.5864165145985403 0.2932595802919708 0.6006044708029198 0.2985971715328467 0.6152828467153286
0 0.3116996951219512 0.7631097560975608 0.2991234756097561 0.7530487804878048 0.2773246951219512 0.7802972560975608 0.28990091463414636 0.790358231707317
0 0.3861298076923077 0.46283653846153855 0.3749759615384615 0.44331730769230776 0.3514182692307692 0.4567788461538462 0.36257211538461537 0.476298076923077
0 0.3085576923076925 0.6928365384615386 0.27456730769230775 0.6734134615384616 0.2588942307692308 0.7008413461538463 0.2928846153846155 0.7202644230769233
0 0.24423076923076925 0.5116586538461538 0.2115384615384616 0.46262019230769236 0.1433894230769231 0.5080528846153847 0.17608173076923075 0.5570913461538461
0 0.8324070069204152 0.3408412629757787 0.8257461072664359 0.3283520761245675 0.796631704152249 0.3438797577854672 0.8032926038062284 0.35636894463667834
0 0.5531619822485206 0.3572762573964497 0.5428994082840236 0.33264607988165673 0.5242603550295858 0.34041235207100584 0.5345229289940828 0.3650425295857988
0 0.6818298969072163 0.7278672680412371 0.671262886597938 0.7040914948453609 0.6518363402061855 0.7127255154639176 0.6624033505154637 0.7365012886597938
0 0.26568412162162164 0.34902027027027027 0.25419763513513516 0.3116891891891892 0.2033614864864865 0.3273310810810811 0.214847972972973 0.3646621621621622
0 0.4617187499999999 0.7132812499999999 0.45656249999999987 0.6978125000000001 0.4021875 0.7159375000000001 0.40734375 0.7314062499999999
0 0.2715111301369863 0.8261130136986303 0.26245719178082194 0.8019691780821919 0.18831335616438355 0.8297731164383562 0.19736729452054794 0.8539169520547947
0 0.7392463235294118 0.4538602941176471 0.7192555147058824 0.44186580882352955 0.7104319852941178 0.4565716911764707 0.7304227941176471 0.46856617647058824
0 0.26990266393442625 0.19236680327868855 0.26474129098360655 0.13559170081967215 0.23938268442622954 0.13789702868852458 0.2445440573770492 0.194672131147541
0 0.621875 0.5625 0.596875 0.5625 0.596875 0.5828125 0.621875 0.5828125
0 0.8230769230769232 0.5106971153846156 0.7992788461538461 0.49483173076923104 0.791826923076923 0.5060096153846156 0.815625 0.5218750000000003
0 0.19869364754098365 0.3174948770491804 0.1740394467213115 0.3152535860655738 0.17092725409836068 0.3494877049180328 0.1955814549180328 0.3517289959016394
0 0.4695340236686391 0.048868343195266305 0.4676812130177515 0.022002588757396448 0.3959319526627218 0.026950813609467446 0.3977847633136094 0.053816568047337296
0 0.6941105769230769 0.09399038461538463 0.6917668269230769 0.08227163461538459 0.6704326923076922 0.08653846153846152 0.6727764423076923 0.09825721153846156
0 0.5981249999999999 0.09937499999999995 0.5887499999999999 0.08062499999999995 0.534375 0.10781249999999995 0.54375 0.12656249999999997
0 0.7290749999999999 0.5599125 0.7264499999999999 0.545475 0.6986749999999999 0.550525 0.7012999999999999 0.5649625
0 0.60234375 0.21015625000000004 0.59375 0.20156250000000014 0.57421875 0.22109375000000014 0.5828125 0.22968750000000004
0 0.259375 0.08437500000000002 0.234375 0.08437500000000002 0.234375 0.11093750000000005 0.259375 0.11093750000000005
0 0.5000266638225256 0.6056953924914675 0.49801087883959044 0.5885612201365187 0.44860281569965865 0.5943739334470989 0.45061860068259385 0.6115081058020477
0 0.36015625000000007 0.7289062500000002 0.3476562500000001 0.7164062500000001 0.30000000000000004 0.7640625000000002 0.31250000000000006 0.7765625000000002
0 0.6761739864864866 0.5042060810810811 0.671579391891892 0.4892736486486486 0.6399577702702703 0.4990033783783783 0.6445523648648649 0.5139358108108109
0 0.4828125 5.673558999174847e-17 0.44375 5.43437017121638e-17 0.44375 5.673558999174847e-17 0.4828125 5.912747827133314e-17
0 0.664325495049505 0.2739325495049506 0.6476175742574257 0.2722617574257427 0.6450649752475248 0.2977877475247526 0.661772896039604 0.2994585396039605
0 0.8656644855595668 0.2039316335740073 0.8513707129963899 0.19474277978339355 0.8345160198555958 0.2209611913357402 0.8488097924187725 0.23015004512635392
0 0.22822603926097002 0.785273527713626 0.21687716512702088 0.7772625577367208 0.19310407043879912 0.8109411085450349 0.20445294457274826 0.8189520785219401
0 0.38343750000000004 0.0653125 0.3665625 0.03156249999999998 0.34968750000000004 0.040000000000000015 0.3665625 0.07375000000000002
0 0.26108750000000003 0.5413625 0.253775 0.5308 0.227775 0.5488000000000002 0.23508749999999995 0.5593625
0 0.34001266891891896 0.28258023648648656 0.3209037162162162 0.2558277027027028 0.29769847972972974 0.2724028716216217 0.3168074324324325 0.2991554054054055
0 0.21234756097560975 0.7748094512195123 0.1958841463414634 0.7542301829268293 0.1665396341463415 0.7777057926829268 0.18300304878048784 0.7982850609756097
0 0.34939655172413786 0.2086961206896552 0.31603448275862067 0.1711637931034483 0.2902370689655172 0.19409482758620691 0.32359913793103445 0.23162715517241378
0 0.41550018491124263 0.8938933062130177 0.4091577292899409 0.878490199704142 0.37347910502958587 0.8931813979289942 0.37982156065088757 0.9085845044378699
0 0.43010979729729726 0.3974662162162163 0.4027449324324325 0.39290540540540553 0.3963260135135136 0.4314189189189189 0.42369087837837843 0.4359797297297298
0 0.5556490384615385 0.7811298076923079 0.5383413461538462 0.7551682692307694 0.5217548076923079 0.7662259615384617 0.5390625000000001 0.7921875
0 0.4500844594594596 0.0651182432432433 0.4224662162162162 0.06051520270270276 0.4183699324324325 0.08509290540540548 0.4459881756756758 0.08969594594594602
0 0.4701286764705882 0.1944852941176471 0.42637867647058825 0.1835477941176471 0.41204044117647054 0.24090073529411765 0.45579044117647055 0.25183823529411764
0 0.7515625 0.6453125000000002 0.7296875 0.6453125000000002 0.7296875 0.6593750000000002 0.7515625 0.6593750000000002
0 0.32644230769230764 0.07716346153846154 0.31538461538461543 0.060576923076923084 0.2905048076923077 0.07716346153846154 0.3015625 0.09375
0 0.4234375 0.6796875 0.4146875 0.6621875 0.3765625 0.68125 0.3853125 0.69875
0 0.40233569587628876 0.8170103092783506 0.382764175257732 0.8083118556701032 0.3705863402061856 0.8357119845360825 0.3901578608247423 0.8444104381443299
0 0.6715533088235294 0.16144301470588235 0.6612132352941176 0.1442095588235294 0.6428308823529412 0.15523897058823527 0.6531709558823529 0.17247242647058822
0 0.39156250000000004 0.10812499999999996 0.37593750000000004 0.076875 0.34593749999999995 0.09187500000000001 0.36156249999999995 0.12312499999999997
0 0.6497677364864864 0.46970016891891897 0.6309966216216216 0.4562922297297297 0.6109374999999999 0.4843750000000001 0.6297086148648648 0.4977829391891893
0 0.47375000000000006 0.8384375000000002 0.46125000000000005 0.8321875000000002 0.45000000000000007 0.8546875 0.4625000000000001 0.8609375
0 0.5174278846153846 0.030889423076923217 0.49543269230769227 0.01622596153846163 0.4843749999999999 0.03281250000000013 0.5063701923076923 0.04747596153846172
0 0.2505053783382789 0.3892665059347181 0.24195103857566763 0.374058790801187 0.20701038575667657 0.3937129080118694 0.21556472551928785 0.4089206231454006
0 0.5200721153846153 0.10348557692307692 0.5038461538461538 0.09266826923076925 0.4884615384615384 0.11574519230769234 0.5046875 0.1265625
0 0.5304949817518249 0.8576231751824819 0.5195734489051096 0.846094890510949 0.48589872262773726 0.8779972627737227 0.4968202554744526 0.8895255474452556