3 0.503125 0.157813 0.410938 0.157813 0.410938 0.210938 0.503125 0.210938
3 0.450000 0.256250 0.343750 0.256250 0.343750 0.320313 0.450000 0.320313
3 0.514103 0.995075 0.446454 0.931405 0.439710 0.938569 0.507360 1.000000
3 0.611477 0.933050 0.473595 0.786441 0.458601 0.800542 0.596483 0.947151
3 0.731800 0.478960 0.719688 0.391753 0.604463 0.407757 0.616575 0.494964
3 0.421088 0.802133 0.417119 0.791218 0.316378 0.827851 0.320347 0.838766
3 0.635433 0.755968 0.488051 0.620583 0.476637 0.633008 0.624019 0.768394
3 0.676589 0.594605 0.515351 0.462031 0.503018 0.477030 0.664256 0.609604
3 0.649307 0.322185 0.545961 0.264770 0.539033 0.277241 0.642379 0.334655
2 0.412500 0.873437 0.270313 0.873437 0.270313 0.982812 0.412500 0.982812
