0 0.4937500000000002 0.98125 0.4578125000000002 0.98125 0.4578125000000002 0.9984375 0.4937500000000002 0.9984375
0 0.2923076923076924 0.4896634615384616 0.2598557692307693 0.46802884615384616 0.24543269230769232 0.4896634615384617 0.2778846153846154 0.511298076923077
0 0.6388484589041095 0.7598458904109591 0.6174015410958903 0.7026541095890411 0.5571275684931506 0.7252568493150685 0.5785744863013698 0.7824486301369864
0 0.3750000000000001 0.5250000000000001 0.3414062500000001 0.4914062500000001 0.3242187500000001 0.5085937500000001 0.3578125000000001 0.5421875
0 0.434806882022472 0.7084410112359552 0.3760551264044944 0.6599069522471912 0.36284585674157305 0.675897120786517 0.42159761235955057 0.724431179775281
0 0.5192892189146472 0.5731814739199159 0.41450787012644896 0.5080471219704954 0.37389357218124347 0.5733831664910434 0.4786749209694417 0.6385175184404639
0 0.5740144230769232 0.4547596153846155 0.530360576923077 0.44930288461538465 0.5278125000000001 0.46968750000000004 0.5714663461538463 0.4751442307692308
0 0.4442974988257398 0.44741956317519965 0.38658481094410513 0.3470496712071395 0.34801036284640674 0.3692299788633161 0.4057230507280414 0.4695998708313763
0 0.45625000000000016 0.8546875 0.3859375000000001 0.8546875 0.3859375000000001 0.90625 0.45625000000000016 0.90625
0 0.3878125 0.4728125 0.37468749999999995 0.4334375 0.32265625 0.45078125 0.33578125 0.49015625000000007
0 0.635436320754717 0.5505896226415095 0.628125 0.525 0.5843749999999999 0.5375 0.5916863207547169 0.5630896226415094
0 0.38875000000000015 0.8771875000000001 0.2812500000000001 0.8234375 0.26812500000000006 0.8496875000000002 0.3756250000000001 0.9034375000000002
0 0.5548938679245283 0.703183962264151 0.4890625 0.6843750000000001 0.47544221698113215 0.7320459905660378 0.5412735849056605 0.7508549528301888
0 0.6703125 0.5890625 0.6140625 0.5890625 0.6140625 0.6390625 0.6703125 0.6390625
0 0.6014214904284414 0.5706657360984504 0.5366952484047404 0.5349547060164085 0.5146806631722882 0.574856141750228 0.5794069051959891 0.61056717183227
0 0.43139008620689656 0.7570689655172413 0.40151939655172414 0.7305172413793104 0.3911745689655173 0.7421551724137931 0.42104525862068964 0.7687068965517241
0 0.5523437500000001 0.8085937500000002 0.51953125 0.7757812500000002 0.50078125 0.7945312500000001 0.5335937500000002 0.8273437500000002
0 0.2016159492588369 0.3658833380843787 0.12987368158494866 0.3187384193272521 0.10479528933865453 0.35690119013683014 0.1765375570125428 0.40404610889395676
0 0.5390625 0.6140625 0.490625 0.6140625 0.490625 0.671875 0.5390625 0.671875
0 0.6546875000000002 0.965625 0.6109375000000001 0.965625 0.6109375000000001 0.9859375 0.6546875000000002 0.9859375
0 0.7186655405405404 0.2494932432432433 0.6076646959459459 0.17020692567567575 0.45859375 0.37890625000000006 0.5695945945945946 0.45819256756756765
0 0.32318214980544757 0.6771643968871597 0.27930751459143977 0.638451483463035 0.26772555933852143 0.6515776994163426 0.31160019455252924 0.6902906128404671
0 0.4738185975609756 0.6612423780487806 0.4128429878048781 0.6124618902439025 0.39714176829268294 0.6320884146341463 0.45811737804878055 0.6808689024390244
0 0.3527923886138614 0.6037051361386141 0.32165068069306935 0.5782255569306931 0.309328589108911 0.593285891089109 0.34047029702970305 0.6187654702970298
0 0.43500000000000005 0.7878125 0.3937500000000001 0.7671875000000001 0.3859375000000001 0.7828125000000001 0.42718750000000005 0.8034375