0 0.29375000000000007 0.31875 0.2046875 0.31875 0.20468750000000005 0.378125 0.29375000000000007 0.378125
0 0.37764008620689654 0.9683189655172415 0.37074353448275854 0.9510775862068964 0.3446120689655172 0.9615301724137929 0.3515086206896552 0.9787715517241379
0 0.3138701923076923 0.2890865384615385 0.3122596153846154 0.2762019230769231 0.29014423076923074 0.2789663461538462 0.29175480769230766 0.2918509615384616
0 0.6875 0.3656250000000001 0.6703125 0.34843750000000007 0.634375 0.3843750000000001 0.6515625 0.4015625000000001
0 0.3382211538461538 0.8651442307692306 0.3225961538461538 0.8417067307692306 0.2905048076923077 0.8631009615384615 0.3061298076923077 0.8865384615384615
0 0.553125 0.07968750000000006 0.471875 0.07968750000000006 0.471875 0.19687500000000005 0.553125 0.19687500000000008
0 0.5495847602739726 0.20003852739726033 0.5091609589041096 0.19578339041095894 0.5009845890410959 0.27345890410958906 0.5414083904109589 0.2777140410958905
0 0.5003124999999999 0.6165625 0.4759375 0.6043750000000001 0.4684375 0.6193750000000001 0.4928125 0.6315625
0 0.18656250000000005 0.3440625 0.13156250000000008 0.3165625 0.12000000000000008 0.3396875 0.17500000000000007 0.3671875
0 0.47297297297297297 0.8269003378378379 0.469847972972973 0.8081503378378379 0.43665540540540543 0.8136824324324324 0.4397804054054054 0.8324324324324325
0 0.4359375 0.8999999999999998 0.429375 0.8803124999999999 0.39703125000000006 0.8910937499999999 0.40359375000000003 0.9107812499999998
0 0.36905723314606736 0.4815396769662922 0.3647647471910112 0.462938904494382 0.3274490870786516 0.47155021067415726 0.33174157303370777 0.4901509831460674
0 0.5135758196721312 0.10402151639344263 0.4802254098360656 0.07622950819672139 0.4665215163934427 0.0926741803278689 0.4998719262295082 0.12046618852459015
0 0.48055147058823533 0.16408088235294122 0.4565625 0.15875000000000006 0.44972426470588234 0.1895220588235295 0.4737132352941177 0.19485294117647065
0 0.8984669811320755 0.5383844339622642 0.8682193396226416 0.5215801886792454 0.8570902122641509 0.5416126179245284 0.8873378537735848 0.5584168632075472
0 0.4558173076923079 0.6768990384615385 0.4238942307692309 0.672908653846154 0.420985576923077 0.6961778846153847 0.452908653846154 0.7001682692307692
0 0.5307112068965518 0.5935344827586208 0.5032327586206897 0.5825431034482759 0.49256465517241377 0.6092133620689657 0.520043103448276 0.6202047413793105
0 0.303125 0.18750000000000006 0.278125 0.18750000000000006 0.278125 0.2109375 0.303125 0.2109375
0 0.4984375 0.9953125 0.4972956730769231 0.9896033653846155 0.48046875 0.99296875 0.4816105769230769 0.9986778846153846
0 0.491875 0.4900000000000001 0.46140625 0.47984375 0.45234375 0.50703125 0.4828125 0.5171875000000001
0 0.14521875 0.50559375 0.14096875 0.47584374999999995 0.11231249999999997 0.47993749999999996 0.11656249999999999 0.5096875
0 0.2258384146341464 0.43410823170731716 0.20430640243902437 0.4168826219512195 0.18814786585365853 0.4370807926829269 0.20967987804878047 0.4543064024390245
0 0.4332698170731707 0.8541158536585364 0.4125 0.8375 0.3934451219512195 0.8613185975609756 0.4142149390243902 0.877934451219512
0 0.40775240384615385 0.3590745192307693 0.4041466346153847 0.34104567307692313 0.3740985576923077 0.3470552884615385 0.377704326923077 0.3650841346153847
0 0.3539253048780488 0.44748475609756105 0.3249428353658537 0.44426448170731714 0.32328506097560983 0.4591844512195122 0.3522675304878049 0.4624047256097561
0 0.7300646551724139 0.45140086206896546 0.7176185344827587 0.4223599137931034 0.6683997844827587 0.44345366379310336 0.6808459051724138 0.4724946120689655
0 0.7439500136761488 0.40788600929978147 0.6854844775711159 0.36812944474835907 0.671534805798687 0.38864366794310745 0.7300003419037199 0.42840023249452985
0 0.16093750000000004 0.4703125 0.14687500000000003 0.4703125 0.14687500000000003 0.490625 0.16093750000000004 0.490625
0 0.7640625 0.4921875000000001 0.725 0.4921875 0.725 0.5140625000000001 0.7640625 0.5140625000000002
0 0.8119687499999999 0.64940625 0.8096249999999999 0.6329999999999999 0.76915625 0.6387812499999999 0.7715 0.6551875
0 0.8342499999999999 0.3850625000000001 0.8262499999999999 0.37906250000000014 0.8170624999999999 0.3913125000000001 0.8250624999999999 0.39731250000000007
0 0.3785456730769231 0.7521033653846154 0.37578125000000007 0.7382812500000001 0.35985576923076923 0.7414663461538462 0.3626201923076923 0.7552884615384616
0 0.31362028301886785 0.7054834905660378 0.3050707547169811 0.675560141509434 0.2699882075471698 0.6855837264150944 0.27853773584905656 0.7155070754716981
0 0.280409787735849 0.3431751179245284 0.26176297169811324 0.3096108490566038 0.20100235849056602 0.34336674528301886 0.21964917452830188 0.37693101415094343
0 0.3311375 0.31891250000000004 0.3275125 0.298975 0.3044124999999999 0.30317500000000003 0.30803749999999996 0.3231125
0 0.2490808823529412 0.6635110294117648 0.2433823529411765 0.640716911764706 0.2073529411764706 0.6497242647058824 0.21305147058823531 0.6725183823529413
0 0.505625 0.7721875 0.4871982758620691 0.7558081896551725 0.4530603448275863 0.7942133620689656 0.47148706896551723 0.8105926724137932
0 0.293125 0.5050000000000001 0.2825000000000001 0.48375 0.24500000000000002 0.5025000000000001 0.255625 0.52375
0 0.46069711538461533 0.7081730769230771 0.44266826923076935 0.6961538461538463 0.4234375000000001 0.7250000000000002 0.44146634615384617 0.7370192307692309
0 0.9223744877049178 0.6211193647540983 0.9202612704918032 0.597873975409836 0.8925076844262296 0.6003970286885245 0.8946209016393443 0.6236424180327869
0 0.11590073529411767 0.4073529411764706 0.11268382352941178 0.39448529411764705 0.08952205882352941 0.40027573529411764 0.0927389705882353 0.4131433823529411
0 0.14290625 0.6675312499999999 0.1411875 0.6554999999999999 0.12456249999999999 0.6578749999999999 0.12628125 0.6699062499999999
0 0.8670036764705882 0.5522977941176472 0.8416360294117649 0.5459558823529413 0.8363970588235295 0.5669117647058824 0.8617647058823529 0.5732536764705883
0 0.1801982003891051 0.3762037937743191 0.14624878404669267 0.3740819552529183 0.14512402723735413 0.39207806420233465 0.17907344357976657 0.3941999027237354
0 0.5870713495575222 0.5935702433628319 0.5661642699115045 0.5752765486725665 0.5469994469026549 0.5971792035398232 0.5679065265486726 0.6154728982300887
0 0.6520220588235294 0.19246323529411763 0.6478860294117647 0.17591911764705878 0.6129595588235295 0.1846507352941176 0.6170955882352941 0.20119485294117645
0 0.3809908536585366 0.16266768292682932 0.33329268292682923 0.15244664634146346 0.3243978658536585 0.19395579268292681 0.3720960365853659 0.2041768292682927
0 0.4848060344827586 0.44110991379310355 0.44331896551724126 0.4245150862068966 0.43103448275862066 0.4552262931034482 0.472521551724138 0.47182112068965515
0 0.8547748004561004 0.5790051311288484 0.7781517246294185 0.5631520809578108 0.7687981043329534 0.6083612457240595 0.8454211801596351 0.6242142958950969
0 0.3602889150943396 0.5274174528301887 0.34814268867924525 0.4849056603773586 0.2948997641509433 0.500117924528302 0.3070459905660377 0.542629716981132
0 0.3273059566787003 0.2525800992779784 0.3236462093862816 0.21872743682310475 0.23619697653429603 0.22818140794223832 0.2398567238267148 0.26203407039711196
0 0.2875000000000001 0.3875 0.2406250000000001 0.3875 0.2406250000000001 0.425 0.2875000000000001 0.425
0 0.47968749999999993 0.971875 0.45739889705882353 0.9585018382352942 0.44113051470588244 0.9856158088235295 0.4634191176470587 0.9989889705882353
0 0.40084134615384637 0.869831730769231 0.3881490384615386 0.8682451923076926 0.3856250000000001 0.8884375 0.39831730769230783 0.8900240384615385
0 0.28971706081081083 0.28439611486486494 0.2648859797297297 0.2666596283783785 0.25485641891891897 0.2807010135135136 0.27968750000000003 0.2984375000000001
0 0.6959628378378379 0.27516047297297297 0.6875844594594595 0.24793074324324332 0.6647466216216216 0.25495777027027033 0.673125 0.2821874999999999
0 0.3281009615384615 0.5973076923076923 0.32438701923076924 0.5836899038461538 0.29649038461538463 0.591298076923077 0.30020432692307686 0.6049158653846154
0 0.76096875 0.6064687499999999 0.7580625 0.5861249999999999 0.7178125 0.5918749999999999 0.72071875 0.6122187499999999
0 0.23625 0.3146875 0.22999999999999998 0.3021875 0.21125 0.3115625 0.21749999999999997 0.32406250000000003
0 0.6828125 0.2328125000000001 0.6578125 0.2328125000000001 0.6578125 0.2484375000000001 0.6828125 0.2484375000000001
0 0.5390625 0.19843750000000004 0.5125 0.19843750000000004 0.5125 0.22031250000000008 0.5390625 0.22031250000000008
0 0.5833797089041097 0.376252140410959 0.5572452910958904 0.36437285958904114 0.5519477739726028 0.376027397260274 0.578082191780822 0.3879066780821919
0 0.2312500000000001 0.4546875 0.19375000000000003 0.4546875 0.19375000000000003 0.4765625 0.2312500000000001 0.4765625
0 0.6081935975609756 0.16905487804878047 0.6064977134146342 0.15379192073170728 0.5763147865853658 0.15714557926829267 0.5780106707317072 0.17240853658536587
0 0.2140625 0.3859375000000001 0.203125 0.3750000000000001 0.18515625000000005 0.3929687500000001 0.19609375000000004 0.4039062500000001
0 0.2584742647058823 0.49139705882352935 0.24601102941176464 0.4768566176470587 0.22606617647058816 0.49395220588235283 0.23852941176470582 0.5084926470588235
0 0.49193412162162165 0.7874577702702703 0.4813766891891892 0.7726773648648648 0.4529983108108109 0.7929476351351351 0.46355574324324333 0.8077280405405405
0 0.519625 0.8516875 0.5128750000000001 0.8426875000000003 0.5051250000000002 0.8485000000000001 0.5118750000000001 0.8575000000000002
0 0.8377158149171269 0.4146495165745856 0.8098325276243094 0.4131819751381215 0.8076657458563534 0.4543508287292818 0.8355490331491711 0.4558183701657459