3 0.5484375000000001 0.6796875 0.3734375000000001 0.6796875 0.3734375000000001 0.865625 0.5484375000000001 0.865625
3 0.6296875 0.12500000000000008 0.6046875 0.12500000000000008 0.6046875 0.15625000000000008 0.6296875 0.15625000000000008
3 0.37928353658536584 0.8216768292682927 0.3537804878048781 0.8162118902439024 0.3460518292682927 0.852278963414634 0.3715548780487805 0.8577439024390243
3 0.4984375 0.11406250000000004 0.4796875 0.0953125 0.4703125 0.10468750000000002 0.4890625 0.12343750000000006
3 0.16734375000000007 0.74171875 0.14718750000000003 0.735 0.13703125000000002 0.76546875 0.1571875000000001 0.7721875
3 0.447284836065574 0.8470543032786887 0.42234887295081985 0.8447873975409838 0.4194287909836067 0.8769082991803281 0.44436475409836085 0.879175204918033
3 0.45769230769230773 0.4677884615384615 0.43695913461538466 0.4636418269230769 0.43323317307692316 0.4822716346153847 0.45396634615384623 0.48641826923076936
3 0.3296875000000001 0.6359375 0.2828125000000001 0.6359375 0.2828125000000001 0.70625 0.3296875000000001 0.70625
3 0.58671875 0.09921875000000005 0.5783052884615384 0.09753605769230773 0.57578125 0.11015625000000004 0.5841947115384615 0.11183894230769235
3 0.60625 0.453125 0.5828125 0.453125 0.5828125 0.4703125 0.60625 0.4703125
3 0.55 0.6796875000000001 0.5328125000000001 0.6625000000000001 0.5210937500000001 0.6742187500000001 0.53828125 0.6914062500000001
3 0.5141624999999999 0.5193000000000001 0.5100124999999999 0.49647500000000006 0.48595 0.50085 0.4901 0.5236750000000001
3 0.404969262295082 0.17653688524590164 0.3776127049180328 0.15373975409836063 0.3658299180327869 0.16787909836065573 0.3931864754098361 0.19067622950819674
3 0.7671875 0.32500000000000007 0.7315625 0.30718750000000006 0.7215625 0.3271875000000001 0.7571875 0.3450000000000001
3 0.5856250000000001 0.8912500000000001 0.5695 0.8697500000000001 0.5552499999999999 0.8804375000000002 0.571375 0.9019375000000002
3 0.3868750000000001 0.9668749999999999 0.3668750000000002 0.9568750000000001 0.35875000000000007 0.9731250000000002 0.37875000000000003 0.983125
3 0.475 0.5171875 0.45625 0.5171875 0.45625 0.5328125 0.475 0.5328125