0 0.44375 0.353125 0.2859375 0.353125 0.28593750000000007 0.5359375 0.44375 0.5359375
0 0.2206639105058366 0.07031493190661484 0.16638375486381324 0.03879742217898835 0.15528696498054476 0.057908560311284066 0.20956712062256813 0.08942607003891054
0 0.6683509615384615 0.7490673076923076 0.6668221153846153 0.7215480769230769 0.5861682692307693 0.7260288461538462 0.5876971153846153 0.7535480769230769
0 0.6062500000000001 0.8406250000000002 0.5602500000000001 0.8061250000000003 0.5452500000000001 0.8261250000000002 0.59125 0.8606250000000003
0 0.24350228658536585 0.7212080792682928 0.23856707317073172 0.6767911585365854 0.16190929878048782 0.6853086890243902 0.16684451219512195 0.7297256097560976
0 0.4609375 0.31562500000000004 0.39281249999999995 0.28156250000000005 0.36875 0.3296875000000001 0.436875 0.3637500000000001
0 0.4020113950276244 0.1883459944751382 0.3474749654696133 0.18547565607734812 0.34634841160221 0.20688017955801113 0.40088484116022105 0.20975051795580119
0 0.4703125 0.9484375000000002 0.45546875 0.93359375 0.42890625 0.96015625 0.44375 0.9750000000000002
0 0.15697115384615384 0.15733173076923077 0.1389423076923077 0.13028846153846155 0.12163461538461537 0.14182692307692307 0.13966346153846154 0.16887019230769232
0 0.5103152654867256 0.05933351769911506 0.4984153761061946 0.030956858407079645 0.426487831858407 0.06112002212389382 0.438387721238938 0.08949668141592923
0 0.7533606304079109 0.5516320302843016 0.7436070766378244 0.49701212917181714 0.6650842088998763 0.5110340698393079 0.6748377626699628 0.5656539709517924
0 0.1352064220183487 0.2805619266055046 0.10151949541284404 0.2704558486238532 0.0837586009174312 0.32965883027522935 0.11744552752293584 0.3397649082568807
0 0.3832354972375691 0.8158494475138122 0.3815391919889503 0.7836196477900552 0.32191816298342546 0.7867575966850828 0.3236144682320442 0.8189873964088397
0 0.19849938118811883 0.24469368811881193 0.1748298267326733 0.24232673267326738 0.17085396039603964 0.28208539603960403 0.19452351485148517 0.2844523514851486
0 0.3590533088235294 0.7161305147058823 0.3374080882352941 0.6800551470588235 0.2967371323529412 0.7044577205882353 0.31838235294117645 0.7405330882352941
0 0.5453125000000002 0.9078125 0.5171875000000001 0.9078125 0.5171875000000001 0.925 0.5453125000000002 0.925
0 0.4265625 0.4765625000000001 0.32055288461538467 0.40588942307692316 0.3032451923076923 0.4318509615384616 0.40925480769230765 0.5025240384615386
0 0.5 0.7953125000000002 0.484375 0.7796875000000002 0.4640625 0.8000000000000002 0.4796875 0.8156250000000002
0 0.7456801470588236 0.793658088235294 0.7264705882352941 0.7168198529411764 0.6816176470588234 0.7280330882352941 0.7008272058823529 0.8048713235294116
0 0.3856390449438203 0.8867275280898876 0.35726825842696647 0.868995786516854 0.34840238764044956 0.8831811797752811 0.3767731741573034 0.9009129213483149
0 0.5224809245960501 0.14100089766606833 0.47947710951526024 0.08263857719928194 0.4379039497307001 0.11327143177737889 0.48090776481149006 0.17163375224416527
0 0.5762066281138791 0.5844862099644128 0.5665313612099645 0.5535253558718861 0.5255171263345195 0.5663423042704626 0.5351923932384341 0.5973031583629893
0 0.4471153846153847 0.37536057692307695 0.4310096153846154 0.3512019230769231 0.4122596153846154 0.3637019230769231 0.42836538461538465 0.38786057692307696
0 0.29939571823204425 0.4994561464088399 0.29783321823204423 0.46976864640883986 0.23977037292817677 0.4728245856353592 0.2413328729281768 0.5025120856353592
0 0.6900916104146576 0.6523746383799421 0.6357551832208295 0.61266724927676 0.6163165983606558 0.639267418032787 0.6706530255544841 0.6789748071359691
0 0.5792187500000001 0.77796875 0.5440625000000001 0.76625 0.53265625 0.80046875 0.5678125 0.8121875
0 0.5910551264044944 0.604906952247191 0.5381056882022472 0.5926878511235956 0.5312587780898876 0.6223577949438203 0.5842082162921348 0.6345768960674157
0 0.2125 0.215625 0.12812500000000004 0.215625 0.12812500000000004 0.25 0.2125 0.25