0 0.4078125 0.51875 0.2843750000000001 0.51875 0.2843750000000001 0.6765625 0.4078125 0.6765625
0 0.28755669690501606 0.9779499066168624 0.2735525613660619 0.9602604722518677 0.22704775880469583 0.9970767742796157 0.24105189434365001 1.0147662086446103
0 0.5838469827586208 0.2766487068965518 0.5003125 0.2696875 0.49837284482758626 0.2929633620689656 0.581907327586207 0.29992456896551734
0 0.49891826923076915 0.1866586538461539 0.48569711538461535 0.16682692307692315 0.43918269230769236 0.1978365384615385 0.45240384615384616 0.21766826923076926
0 0.1629319852941177 0.34125919117647063 0.08801470588235298 0.33549632352941183 0.08471507352941181 0.3783915441176471 0.15963235294117653 0.3841544117647059
0 0.4646069004524886 0.7224618212669685 0.4457296380090498 0.6696054864253395 0.3766402714932127 0.6942802601809956 0.3955175339366515 0.7471365950226245
0 0.44062500000000016 0.825 0.3859375000000001 0.825 0.3859375000000001 0.846875 0.44062500000000016 0.846875
0 0.334375 0.09531250000000006 0.30625 0.06718750000000004 0.2921875 0.08125000000000004 0.3203125 0.10937500000000007
0 0.2000000000000001 0.89375 0.17812500000000012 0.89375 0.17812500000000014 0.9234375 0.2000000000000001 0.9234375
0 0.581341911764706 0.9574448529411764 0.5045036764705884 0.9382352941176471 0.4973345588235295 0.9669117647058825 0.5741727941176472 0.986121323529412
0 0.7118369578610155 0.4500746981271564 0.6334847831444063 0.4465923792508627 0.6311113849186792 0.4999938393297193 0.7094635596352885 0.503476158206013
0 0.15406250000000005 0.78 0.12593749999999998 0.72375 0.09406249999999998 0.7396874999999999 0.12218750000000003 0.7959375000000001
0 0.28125 0.234375 0.2203125 0.234375 0.2203125 0.2640625 0.28125 0.2640625
0 0.22521502293577983 0.8100917431192662 0.21321674311926606 0.7700974770642202 0.19099770642201835 0.7767631880733945 0.20299598623853213 0.8167574541284406
0 0.010937500000000083 0.671875 8.22809568177128e-17 0.671875 8.342906319191344e-17 0.690625 0.010937500000000083 0.690625
0 0.27836993243243247 0.3261570945945947 0.2323648648648649 0.31200168918918925 0.22010135135135137 0.35185810810810814 0.26610641891891895 0.3660135135135136
0 0.41875 0.10781250000000005 0.390625 0.10781250000000005 0.390625 0.12343750000000005 0.41875 0.12343750000000005
0 0.39838884083044984 0.5565365484429067 0.3761240268166089 0.5330682309688581 0.2893777032871972 0.6153660250865051 0.31164251730103815 0.6388343425605536
0 0.4006495786516854 0.2377106741573034 0.373683286516854 0.2208567415730338 0.36271067415730346 0.23841292134831474 0.38967696629213483 0.2552668539325843
0 0.6454113485016648 0.21422204495005553 0.6006693951165372 0.2127306465038846 0.5982346004439512 0.2857744866814651 0.6429765538290788 0.28726588512763607
0 0.2646516393442623 0.16070696721311478 0.2536372950819672 0.14748975409836068 0.2293545081967213 0.1677254098360656 0.24036885245901635 0.1809426229508197
0 0.5742723492723492 0.8774850571725572 0.5236616424116424 0.8547102390852391 0.4965014293139293 0.9150662681912681 0.547112136174636 0.9378410862785863
0 0.0109375000000001 0.81875 1.0026795668018954e-16 0.81875 1.0227714283504067e-16 0.8515625 0.010937500000000103 0.8515625
0 0.5253400735294118 0.43464154411764716 0.48208639705882356 0.43131433823529425 0.47965992647058825 0.4628584558823531 0.5229136029411765 0.4661856617647061
0 0.4421875 0.65 0.4140625 0.65 0.4140625 0.6734375 0.4421875 0.6734375
0 0.2718750000000001 0.55 0.21250000000000008 0.55 0.21250000000000008 0.5796875 0.2718750000000001 0.5796875
0 0.6226402027027028 0.3592837837837838 0.5988378378378378 0.334347972972973 0.5523479729729729 0.37872466216216216 0.5761503378378379 0.40366047297297303
0 0.48297464622641506 0.2459168632075471 0.465064858490566 0.21367924528301882 0.4342865566037736 0.23077830188679246 0.4521963443396226 0.2630159198113207
0 0.528125 0.3906250000000001 0.475 0.3906250000000001 0.475 0.421875 0.528125 0.421875
0 0.24285868625756266 0.8431328327571306 0.24184718020743304 0.8087416270527227 0.1601164109766638 0.8111454732065686 0.16112791702679344 0.8455366789109766