0 0.243750 0.501563 0.150000 0.501563 0.150000 0.585938 0.243750 0.585938
0 0.206250 0.982812 0.181250 0.982812 0.181250 0.998437 0.206250 0.998437
0 0.856719 0.231094 0.844844 0.195469 0.778750 0.217500 0.790625 0.253125
0 0.491983 0.605142 0.421102 0.573246 0.395140 0.630938 0.466021 0.662835
0 0.476563 0.851562 0.457813 0.851562 0.457813 0.867188 0.476563 0.867188
0 0.453125 0.928125 0.429688 0.928125 0.429688 0.948438 0.453125 0.948438
0 0.165072 0.590361 0.146226 0.566130 0.109231 0.594904 0.128077 0.619135
0 0.118061 0.476149 0.066131 0.444991 0.047932 0.475322 0.099862 0.506480
0 0.459375 0.517188 0.421875 0.517188 0.421875 0.548438 0.459375 0.548438
0 0.664062 0.332813 0.631250 0.332813 0.631250 0.354688 0.664062 0.354688
0 0.072478 0.560721 0.067760 0.513537 0.043317 0.515981 0.048035 0.563165
0 0.195180 0.778199 0.183093 0.756442 0.156560 0.771182 0.168647 0.792939
0 0.329688 0.040625 0.270313 0.040625 0.270313 0.071875 0.329688 0.071875
0 0.409514 0.630474 0.362878 0.605036 0.321975 0.680026 0.368611 0.705464
0 0.265144 0.477404 0.135938 0.451562 0.105228 0.605108 0.234435 0.630950
0 0.690111 0.885822 0.661120 0.884212 0.659317 0.916663 0.688308 0.918274
0 0.502298 0.445496 0.441636 0.430331 0.434467 0.459007 0.495129 0.474173
0 0.434224 0.389821 0.432110 0.367626 0.386615 0.371959 0.388729 0.394154
0 0.393750 0.492188 0.390266 0.453868 0.349411 0.457582 0.352894 0.495902
0 0.109917 0.851960 0.095900 0.760847 0.049639 0.767964 0.063656 0.859077
0 0.345313 0.517188 0.309375 0.517188 0.309375 0.542188 0.345313 0.542188
0 0.383695 0.606783 0.369669 0.594761 0.351360 0.616121 0.365386 0.628143
0 0.172332 0.379116 0.158613 0.368140 0.151601 0.376905 0.165320 0.387881
0 0.735938 0.131250 0.692187 0.131250 0.692187 0.171875 0.735938 0.171875
0 0.518750 0.864062 0.473438 0.864062 0.473438 0.890625 0.518750 0.890625
0 0.386359 0.439463 0.330563 0.334845 0.275660 0.364127 0.331455 0.468745
0 0.410414 0.522954 0.378656 0.520685 0.377379 0.538563 0.409137 0.540831
0 0.498437 0.000000 0.423438 0.000000 0.423438 0.007813 0.498437 0.007813
0 0.375000 0.987500 0.353125 0.987500 0.353125 0.998437 0.375000 0.998437
0 0.765984 0.381761 0.672209 0.375900 0.669717 0.415783 0.763491 0.421644
0 0.299573 0.583971 0.283247 0.548598 0.267988 0.555640 0.284314 0.591014
0 0.645097 0.379821 0.595978 0.368263 0.590774 0.390384 0.639892 0.401942
0 0.670884 0.946418 0.653906 0.944531 0.650343 0.976601 0.667321 0.978487
0 0.258714 0.535757 0.253906 0.511719 0.222356 0.518029 0.227163 0.542067
0 0.051563 0.418750 0.037500 0.418750 0.037500 0.450000 0.051563 0.450000
0 0.452656 0.974844 0.425469 0.965781 0.418594 0.986406 0.445781 0.995469
0 0.441285 0.169533 0.429175 0.114175 0.317805 0.138537 0.329915 0.193896
0 0.793125 0.502813 0.747500 0.480000 0.736250 0.502500 0.781875 0.525313
0 0.546011 0.721581 0.503162 0.684853 0.477243 0.715092 0.520092 0.751820
0 0.601563 0.979688 0.582812 0.960938 0.574219 0.969531 0.592969 0.988281
0 0.280025 0.747340 0.277956 0.734924 0.265287 0.737035 0.267356 0.749451
0 0.453125 0.457813 0.432812 0.457813 0.432812 0.478125 0.453125 0.478125
0 0.623438 0.862500 0.590625 0.862500 0.590625 0.895312 0.623438 0.895312
0 0.350421 0.019158 0.343756 0.000000 0.278112 0.011670 0.284777 0.036664
0 0.424642 0.963174 0.393392 0.953799 0.386167 0.977881 0.417417 0.987256
0 0.189062 0.000000 0.160938 0.000000 0.160938 0.018750 0.189062 0.018750
0 0.565625 0.287500 0.529687 0.287500 0.529687 0.307813 0.565625 0.307813
0 0.650937 0.853438 0.636875 0.825312 0.609375 0.839062 0.623437 0.867188
0 0.575000 0.151563 0.534375 0.151563 0.534375 0.173438 0.575000 0.173438
0 0.232969 0.849708 0.169177 0.830293 0.158902 0.864054 0.222694 0.883469
0 0.612098 0.354022 0.570019 0.349814 0.567775 0.372246 0.609855 0.376454
0 0.609865 0.064814 0.549916 0.046368 0.540422 0.077221 0.600372 0.095667
0 0.440625 0.045313 0.421875 0.045313 0.421875 0.064063 0.440625 0.064063
0 0.195108 0.899129 0.136360 0.893788 0.133530 0.924923 0.192277 0.930264
0 0.262500 0.443750 0.248438 0.443750 0.248438 0.453125 0.262500 0.453125
0 0.725361 0.682572 0.700361 0.645072 0.674399 0.662380 0.699399 0.699880
0 0.305055 0.681342 0.286305 0.676654 0.282445 0.692096 0.301195 0.696783
