2 0.614062 0.087500 0.434375 0.087500 0.434375 0.173438 0.614062 0.173438
2 0.630625 0.007500 0.541375 0.000000 0.535062 0.038938 0.624313 0.051688
2 0.590754 0.416898 0.526675 0.388418 0.506057 0.434810 0.570135 0.463289
2 0.618162 0.556728 0.595993 0.456967 0.544871 0.468327 0.567040 0.568088
2 0.607408 0.112498 0.440073 0.087708 0.432271 0.140371 0.599606 0.165161
2 0.182812 0.629687 0.165938 0.579062 0.012656 0.630156 0.029531 0.680781
2 0.967574 0.670919 0.947886 0.666544 0.944320 0.682592 0.964007 0.686967
2 0.991197 0.625536 0.945251 0.582462 0.934823 0.593584 0.980769 0.636659
2 0.089063 0.412500 0.042188 0.412500 0.042188 0.453125 0.089063 0.453125
2 0.606024 0.163412 0.418951 0.130877 0.410430 0.179871 0.597503 0.212405
2 0.515505 0.720913 0.490505 0.683413 0.453726 0.707933 0.478726 0.745433
