0 0.459375 0.06250000000000006 0.4 0.06250000000000004 0.4 0.09687500000000006 0.459375 0.09687500000000007
0 0.4515625000000002 0.8125 0.4265625000000002 0.8125 0.4265625000000002 0.8296875 0.4515625000000002 0.8296875
0 0.571875 0.73125 0.5648437500000001 0.7242187500000001 0.5578125 0.7312500000000002 0.56484375 0.73828125
0 0.4317145270270272 0.511275337837838 0.4162584459459461 0.5086993243243245 0.4149070945945946 0.5168074324324325 0.4303631756756758 0.5193834459459461
0 0.371875 0.25625000000000003 0.3605769230769231 0.23930288461538468 0.3367788461538462 0.2551682692307693 0.34807692307692306 0.27211538461538465
0 0.471875 0.76875 0.43765624999999997 0.75734375 0.433125 0.7709374999999999 0.46734375000000006 0.78234375
0 0.383910472972973 0.8012246621621621 0.3782601351351351 0.7654391891891892 0.3608488175675676 0.7681883445945946 0.3664991554054054 0.8039738175675675
0 0.5882812499999999 0.38984374999999993 0.5834374999999998 0.3753125 0.5515625 0.3859375 0.55640625 0.40046874999999993
0 0.715625 0.15781250000000008 0.6796875 0.15781250000000008 0.6796875 0.2078125000000001 0.715625 0.2078125000000001
0 0.6587500000000001 0.14343750000000016 0.6224070945945945 0.13225506756756764 0.6188260135135135 0.14389358108108116 0.655168918918919 0.15507601351351366
0 0.5578124999999999 0.4390625000000001 0.5390625 0.4203125000000002 0.5078125 0.4515625000000002 0.5265624999999999 0.4703125000000001
0 0.6610985824742267 0.8504188144329898 0.6501047036082473 0.8218347293814432 0.5867590206185567 0.8461984536082474 0.597752899484536 0.8747825386597938
0 0.735858094262295 0.44975153688524594 0.7178765368852458 0.42070440573770507 0.6694108606557376 0.4507069672131149 0.6873924180327868 0.47975409836065575
0 0.48624999999999996 0.588125 0.4771875 0.5700000000000001 0.4421875 0.5875 0.45125000000000004 0.6056250000000001
0 0.45750762195121963 0.7324314024390246 0.447751524390244 0.7202362804878051 0.4361280487804879 0.7295350609756099 0.4458841463414635 0.7417301829268295
0 0.490396897810219 0.8771897810218977 0.4807766879562044 0.8565750456204378 0.4327041514598539 0.8790088959854014 0.4423243613138686 0.8996236313868613
0 0.36651442307692306 0.47569711538461534 0.3361298076923077 0.47189903846153847 0.3340384615384616 0.4886298076923077 0.3644230769230769 0.49242788461538456
0 0.4714338235294117 0.6245772058823529 0.4674264705882353 0.6065441176470588 0.4320220588235294 0.6144117647058823 0.4360294117647058 0.6324448529411764
0 0.43373161764705886 0.4833639705882353 0.4287683823529411 0.46351102941176475 0.4019301470588236 0.4702205882352942 0.40689338235294115 0.49007352941176474
0 0.55 0.59375 0.5203125 0.59375 0.5203125 0.6203125 0.55 0.6203125
0 0.6516300675675676 0.6485304054054055 0.6336570945945945 0.6238175675675676 0.603741554054054 0.6455743243243243 0.621714527027027 0.6702871621621622
0 0.619375 0.5581249999999999 0.6109375 0.5468750000000001 0.5946875 0.5590625000000001 0.6031249999999999 0.5703124999999998
0 0.5008215206185567 0.1381765463917526 0.4963756443298967 0.12817332474226809 0.4676707474226804 0.14093105670103095 0.4721166237113401 0.15093427835051548
0 0.4018750000000001 0.07093750000000001 0.3878125 0.04281250000000001 0.35968750000000005 0.05687499999999999 0.37375 0.08499999999999999
0 0.6271995192307693 0.5778725961538462 0.5969230769230769 0.5696153846153847 0.5913701923076924 0.5899759615384617 0.6216466346153847 0.5982331730769233
0 0.509375 0.5234375 0.490625 0.5234375 0.490625 0.5390625 0.509375 0.5390625
0 0.3260746606334842 0.5569428733031674 0.3242116798642535 0.5178202771493213 0.2997878959276018 0.5189833144796381 0.3016508766968326 0.5581059106334842
0 0.4357850609756097 0.23769054878048776 0.43386051829268285 0.22036966463414634 0.39870426829268296 0.22427591463414634 0.4006288109756097 0.24159679878048776
0 0.49375 0.4203125 0.4625 0.4203125 0.4625 0.4421875 0.49375 0.4421875
0 0.3331092359050446 0.1373330860534125 0.3231407640949555 0.13454191394658757 0.3102397069732937 0.18061711795252228 0.3202081787833828 0.18340829005934722
0 0.4525 0.6996875000000001 0.43187500000000006 0.6893750000000001 0.41906250000000006 0.7150000000000001 0.43968749999999995 0.7253125
0 0.7266176470588236 0.5317830882352943 0.6399264705882353 0.5125183823529412 0.6090073529411765 0.651654411764706 0.6956985294117647 0.6709191176470589
0 0.5640625 0.621875 0.5328125 0.621875 0.5328125 0.6390625 0.5640625 0.6390625
0 0.584375 0.4046875 0.5703125 0.4046875 0.5703125 0.4203125 0.584375 0.4203125
0 0.51625 0.7996875000000001 0.5046875 0.7765625 0.47093750000000006 0.7934374999999999 0.48250000000000004 0.8165625000000001
0 0.587548324742268 0.6754993556701032 0.5801385309278351 0.6588273195876291 0.5517235824742268 0.6714561855670105 0.5591333762886598 0.6881282216494846
0 0.37479936770428013 0.7264773832684824 0.372738326848249 0.6935007295719844 0.3420963035019455 0.6954158560311283 0.3441573443579766 0.7283925097276264
0 0.4593237704918033 0.11150102459016391 0.4476690573770492 0.09751536885245901 0.4273821721311476 0.11442110655737703 0.43903688524590156 0.1284067622950819
0 0.4774519230769231 0.7024278846153845 0.4752403846153846 0.6847355769230768 0.45004807692307686 0.6878846153846153 0.45225961538461534 0.705576923076923
0 0.4246875000000001 0.30875 0.41500000000000004 0.289375 0.38875000000000004 0.3025 0.39843750000000006 0.321875
0 0.4421875 0.6359375 0.4109375 0.6359375 0.4109375 0.6625 0.4421875 0.6625
0 0.5046875000000002 0.9609375000000003 0.478125 0.9343750000000002 0.4421875 0.9703125000000001 0.46875000000000017 0.9968750000000004
0 0.6916199398249453 0.38842655908096274 0.6860537472647702 0.3592040481400437 0.6201415481400436 0.3717587527352297 0.6257077407002187 0.4009812636761487
0 0.3546875 0.6609375000000001 0.3440625 0.655625 0.33843750000000006 0.6668750000000001 0.34906250000000005 0.6721875
0 0.5904411764705882 0.2695772058823529 0.5878676470588234 0.2592830882352941 0.5665441176470587 0.26461397058823527 0.5691176470588234 0.27490808823529406
0 0.43676997950819674 0.41428022540983606 0.4084528688524591 0.4117059426229509 0.40713370901639356 0.4262167008196722 0.43545081967213123 0.42879098360655743
0 0.6027644230769231 0.9158653846153847 0.5917067307692309 0.8992788461538461 0.5772836538461539 0.9088942307692308 0.5883413461538461 0.9254807692307694
0 0.6060359589041096 0.469220890410959 0.5988441780821917 0.4500428082191782 0.5469606164383561 0.46949914383561653 0.554152397260274 0.4886772260273974
0 0.6792268041237114 0.7257603092783507 0.6464110824742269 0.7242686855670104 0.6430057989690723 0.7991849226804125 0.6758215206185568 0.8006765463917527
0 0.42989241803278694 0.11649590163934424 0.4113217213114755 0.09421106557377049 0.3953381147540984 0.10753073770491803 0.41390881147540987 0.1298155737704918
0 0.500690038071066 0.0809644670050762 0.4745954949238579 0.0791005710659899 0.4734375 0.09531250000000005 0.49953204314720817 0.09717639593908636
0 0.4805068597560975 0.2745617378048781 0.47890625 0.26015625 0.4504382621951219 0.26331935975609755 0.4520388719512195 0.27772484756097565
0 0.35949519230769234 0.4087740384615385 0.33016826923076925 0.3647836538461538 0.27031250000000007 0.4046874999999999 0.29963942307692315 0.4486778846153846
0 0.4502146631439894 0.8889881935270807 0.42747688243064735 0.8233012714663145 0.3797679986789961 0.8398158850726553 0.40250577939233817 0.9055028071334215
0 0.3703125 0.12343750000000005 0.3546875 0.12343750000000005 0.3546875 0.13437500000000005 0.3703125 0.13437500000000005
0 0.6991309691011235 0.2524841994382022 0.694259129213483 0.23137289325842697 0.6554599719101123 0.24032654494382016 0.6603318117977528 0.2614378511235954
0 0.551923076923077 0.5060096153846154 0.5275841346153847 0.501141826923077 0.5245192307692308 0.5164663461538462 0.548858173076923 0.5213341346153847
0 0.5156250000000002 0.8328125 0.4859375000000002 0.8328125 0.4859375000000002 0.8515625 0.5156250000000002 0.8515625
0 0.70625 0.4078125 0.6859375 0.4078125 0.6859375 0.41875 0.70625 0.41875
0 0.6242133620689656 0.29850215517241396 0.590334051724138 0.295678879310345 0.5888254310344828 0.31378232758620694 0.6227047413793104 0.31660560344827593
0 0.3748798076923077 0.7431490384615386 0.37259615384615385 0.7317307692307693 0.3548677884615385 0.7352764423076923 0.35715144230769236 0.7466947115384617
0 0.5949375000000001 0.5495000000000002 0.5821875000000001 0.5325000000000001 0.5646875000000001 0.545625 0.5774375 0.5626250000000002
0 0.5171875 0.6359375 0.4921875 0.6359375 0.4921875 0.659375 0.5171875 0.659375
0 0.4484375 0.06406250000000005 0.4125 0.06406250000000005 0.4125 0.09375000000000004 0.4484375 0.09375000000000004
0 0.7140625 0.3578125000000001 0.69375 0.3578125000000001 0.69375 0.3750000000000001 0.7140625 0.3750000000000001
0 0.628125 0.7796874999999999 0.6194711538461539 0.7667067307692308 0.6036057692307694 0.7772836538461538 0.6122596153846154 0.790264423076923
0 0.5484375 0.671875 0.528125 0.671875 0.528125 0.6875 0.5484375 0.6875
0 0.3937500000000001 0.58125 0.3750000000000001 0.58125 0.3750000000000001 0.590625 0.3937500000000001 0.590625
0 0.6055500565610861 0.9884261877828052 0.6029235011312217 0.933268523755656 0.531879242081448 0.9366515837104072 0.5345057975113122 0.9918092477375564
0 0.5147242647058823 0.4648345588235293 0.5021507352941177 0.45016544117647045 0.4711397058823529 0.4767463235294116 0.4837132352941175 0.49141544117647057
0 0.4703125 0.018750000000000055 0.4359375 0.018750000000000055 0.4359375 0.046875000000000056 0.4703125 0.046875000000000056
0 0.5233043032786886 0.7611526639344263 0.5192879098360657 0.7440829918032786 0.4871516393442624 0.7516444672131147 0.49116803278688537 0.7687141393442622
0 0.647596153846154 0.03076923076923075 0.630769230769231 0.005528846153846167 0.6102163461538462 0.019230769230769253 0.6270432692307694 0.044471153846153834
0 0.3953125 0.08593750000000004 0.365625 0.08593750000000004 0.365625 0.10781250000000005 0.3953125 0.10781250000000005
0 0.5745977722772277 0.5944152227722773 0.5689201732673268 0.5376392326732674 0.5186417079207921 0.5426670792079208 0.5243193069306931 0.5994430693069307
0 0.5737980769230768 0.06538461538461544 0.5323317307692308 0.057091346153846215 0.5247596153846154 0.09495192307692313 0.5662259615384614 0.10324519230769236
0 0.63046875 0.28671875 0.62640625 0.27453125 0.608125 0.28062499999999996 0.6121874999999999 0.2928125
0 0.4139903846153847 0.7544230769230771 0.39043269230769234 0.7409615384615386 0.38245192307692316 0.7549278846153846 0.4060096153846155 0.768389423076923
0 0.66171875 0.29453125000000013 0.64765625 0.28046875000000016 0.62890625 0.29921875000000014 0.64296875 0.3132812500000001
0 0.64375 0.4390625000000002 0.621875 0.41718750000000016 0.6054687500000001 0.4335937500000001 0.6273437500000001 0.4554687500000001
0 0.5148750000000002 0.8724375000000002 0.49015625000000024 0.8689062500000002 0.4882500000000002 0.8822500000000003 0.5129687500000001 0.8857812500000003
0 0.6359375 0.21093750000000008 0.6 0.21093750000000008 0.6 0.2328125000000001 0.6359375 0.2328125000000001