0 0.5953125 0.3812500000000001 0.528125 0.3812500000000001 0.528125 0.4453125 0.5953125 0.4453125
0 0.35885231316725974 0.9402024021352313 0.3478147241992882 0.9048821174377224 0.3229926601423487 0.9126390124555159 0.3340302491103202 0.9479592971530248
0 0.8890625 0.3531250000000001 0.8625 0.3531250000000001 0.8625 0.3671875000000001 0.8890625 0.3671875000000001
0 0.5937500000000002 0.7625 0.5546875000000002 0.7625 0.5546875000000002 0.7859375 0.5937500000000002 0.7859375
0 0.33644301470588234 0.3409466911764706 0.3252757352941177 0.32233455882352935 0.31171875 0.33046875 0.3228860294117647 0.34908088235294116
0 0.5406250000000001 0.7765625 0.5000000000000002 0.7765625 0.5000000000000002 0.815625 0.5406250000000001 0.815625
0 0.859375 0.4468750000000002 0.834375 0.4468750000000002 0.834375 0.4734375000000002 0.859375 0.4734375000000002
0 0.6011037844036698 0.356737385321101 0.5669868119266056 0.34650229357798173 0.5634604357798165 0.35825688073394507 0.5975774082568808 0.36849197247706433
0 0.08810096153846156 0.40925480769230776 0.07388998868778282 0.39362273755656113 0.05009191176470593 0.41525735294117644 0.06430288461538466 0.4308894230769231
0 0.021029411764705908 0.23818014705882354 0.002169117647058849 0.23398897058823528 -0.0009926470588235037 0.2482169117647059 0.017867647058823554 0.25240808823529415
0 0.9112500000000001 0.306875 0.8953125000000002 0.275 0.8753125 0.28500000000000003 0.8912500000000001 0.316875
0 0.7483653846153846 0.2337980769230769 0.746610576923077 0.21975961538461536 0.7152644230769231 0.22367788461538457 0.7170192307692307 0.23771634615384613
0 0.23125 0.2625 0.20625 0.2625 0.20625 0.2765625 0.23125 0.2765625
0 0.7949375 0.6323125 0.7301874999999999 0.6230625 0.7255312499999998 0.65565625 0.7902812499999999 0.6649062500000001
0 0.5144691780821918 0.176519691780822 0.4841609589041096 0.16515410958904117 0.47825342465753434 0.18090753424657544 0.5085616438356165 0.19227311643835626
0 0.5905625000000001 0.5332500000000001 0.5485625000000001 0.5272500000000002 0.5457812500000001 0.5467187500000001 0.5877812500000001 0.5527187500000001
0 0.7518028846153848 0.967548076923077 0.7301682692307694 0.935096153846154 0.7110576923076923 0.9478365384615387 0.7326923076923079 0.9802884615384617
0 0.36560661764705893 0.3278860294117648 0.3464338235294119 0.311452205882353 0.33363970588235303 0.3263786764705883 0.3528125000000001 0.3428125000000001
0 0.46875000000000017 0.90625 0.42500000000000016 0.90625 0.42500000000000016 0.971875 0.46875000000000017 0.971875
0 0.6725 0.34875 0.64625 0.33562500000000006 0.6375 0.3531250000000001 0.66375 0.3662500000000001
0 0.10682010135135134 0.40420185810810816 0.09721283783783782 0.39733952702702713 0.08559966216216217 0.41359797297297296 0.09520692567567568 0.42046030405405405
0 0.4609375000000001 0.415625 0.43156250000000007 0.40093750000000006 0.42312500000000003 0.41781250000000014 0.4525 0.4325000000000001
0 0.3821805916775033 0.11707168400520158 0.3662792587776333 0.07181404421326396 0.23813698797139143 0.11683700422626786 0.25403832087126144 0.16209464401820547
0 0.08501945525291828 0.5493737840466926 0.08218020428015564 0.5039457684824902 0.05834751945525292 0.5054353112840466 0.061186770428015555 0.550863326848249
0 0.41875 0.14687500000000003 0.3984375 0.14687500000000003 0.3984375 0.15781250000000005 0.41875 0.15781250000000005
0 0.6090801886792453 0.41615566037735857 0.5367777122641509 0.3759876179245284 0.515625 0.4140625000000001 0.5879274764150944 0.4542305424528303
0 0.4741586538461539 0.2004807692307693 0.437235576923077 0.19586538461538466 0.4351201923076924 0.2127884615384616 0.4720432692307693 0.21740384615384625
0 0.18843750000000004 0.16906250000000003 0.1678125 0.1621875 0.16484375 0.17109375000000002 0.18546875000000004 0.17796875000000006
0 0.7640625 0.7093750000000002 0.740625 0.7093750000000002 0.740625 0.7234375000000002 0.7640625 0.7234375000000002
0 0.49000000000000005 0.385625 0.453125 0.3671875000000001 0.4421875 0.3890625000000001 0.47906250000000006 0.4075000000000001
0 0.07739214601769913 0.7938053097345132 0.0690680309734514 0.7842920353982301 0.04683351769911517 0.8037472345132743 0.0551576327433629 0.8132605088495575
0 0.7211298076923078 0.8897115384615386 0.697860576923077 0.8489903846153848 0.6761538461538461 0.8613942307692308 0.6994230769230769 0.9021153846153848
0 0.4194393382352941 0.22302389705882356 0.41102941176470587 0.20900735294117645 0.3839154411764706 0.22527573529411765 0.3923253676470588 0.23929227941176467
0 0.4617307692307694 0.5639663461538463 0.43326923076923085 0.5604086538461539 0.4305288461538462 0.5823317307692308 0.4589903846153847 0.5858894230769233
0 0.10156250000000004 0.321875 0.07031250000000004 0.321875 0.07031250000000004 0.3390625 0.10156250000000004 0.3390625
0 0.05250000000000017 0.8871875000000001 0.04312500000000008 0.8825 0.03687500000000003 0.8950000000000001 0.046250000000000124 0.8996875000000001
0 0.9292938624678662 0.5483933161953727 0.9085676413881746 0.5131587403598971 0.8930671593830333 0.5222766709511568 0.9137933804627248 0.5575112467866324
0 0.6653395007082155 0.8299597202549578 0.609678204674221 0.8099216536827196 0.6015315155807365 0.8325513456090654 0.657192811614731 0.8525894121813034
0 0.09687500000000009 0.6765625 0.08437500000000009 0.6765625 0.08437500000000009 0.7046875 0.09687500000000009 0.7046875
0 0.434375 0.2906250000000001 0.4078125 0.2906250000000001 0.4078125 0.3046875000000001 0.434375 0.3046875000000001
0 0.4070523648648649 0.2904983108108109 0.3771368243243243 0.26874155405405414 0.3675422297297297 0.28193412162162174 0.3974577702702703 0.30369087837837855
0 0.4881778846153845 0.34404807692307693 0.4569375 0.3423125 0.45599038461538466 0.359360576923077 0.48723076923076925 0.3610961538461539
0 0.4165819636678201 0.7004271193771627 0.4046875000000001 0.6781250000000002 0.3449989186851211 0.7099589100346022 0.3568933823529411 0.7322610294117647
0 0.5224568965517242 0.3508297413793104 0.49931034482758624 0.3489008620689656 0.4982004310344828 0.362219827586207 0.5213469827586208 0.3641487068965518
0 0.533125 0.7290625 0.5272596153846154 0.6821394230769231 0.4895673076923077 0.6868509615384616 0.4954326923076923 0.7337740384615384
0 0.7335336538461539 0.3926682692307694 0.7169471153846154 0.3816105769230771 0.7106971153846154 0.3909855769230771 0.7272836538461538 0.40204326923076944
0 0.2444117647058824 0.2851470588235295 0.20976102941176475 0.28248161764705887 0.20882352941176477 0.2946691176470589 0.24347426470588243 0.2973345588235295
0 0.3984375000000001 0.546875 0.3468750000000001 0.546875 0.3468750000000001 0.5703125 0.3984375000000001 0.5703125
0 0.4960817307692307 0.44834134615384613 0.4933173076923076 0.42622596153846154 0.43658653846153844 0.4333173076923077 0.43935096153846154 0.4554326923076923
0 0.85625 0.4109375000000002 0.828125 0.4109375000000002 0.828125 0.4359375000000002 0.85625 0.4359375000000002
0 0.0682650862068966 0.4457435344827586 0.05506465517241386 0.4404633620689656 0.04730603448275868 0.4598599137931035 0.06050646551724141 0.4651400862068966
0 0.7315357561547479 0.25171820046893334 0.6919328839390386 0.22072464830011737 0.6810851406799531 0.23458565357561562 0.7206880128956623 0.2655792057444316
0 0.5427440068493151 0.3334118150684932 0.5175727739726027 0.3239726027397261 0.510958904109589 0.34160958904109595 0.5361301369863014 0.3510488013698631
0 0.4005514705882353 0.6647058823529413 0.39393382352941175 0.638235294117647 0.346875 0.65 0.35349264705882355 0.6764705882352942
0 0.47782451923076935 0.3281850961538463 0.47295673076923084 0.3038461538461539 0.39903846153846156 0.3186298076923077 0.40390625 0.3429687500000001
0 0.48187500000000005 0.8325000000000001 0.47406250000000016 0.8168750000000001 0.4465625000000001 0.8306250000000001 0.45437500000000003 0.8462500000000001
0 0.2527786726804124 0.12128704896907219 0.24029478092783502 0.08882893041237117 0.2192493556701031 0.09692332474226809 0.2317332474226804 0.1293814432989691
0 0.6980945945945944 0.2147449324324326 0.6584358108108107 0.17319763513513525 0.6476587837837837 0.18348479729729741 0.6873175675675673 0.22503209459459478
0 0.47960304054054054 0.2619932432432432 0.47740709459459457 0.2488175675675676 0.4487753378378378 0.2535895270270271 0.45097128378378376 0.26676520270270265
0 0.465625 0.27812500000000007 0.4421875 0.27812500000000007 0.4421875 0.2890625000000001 0.465625 0.2890625000000001
0 0.4725990853658537 0.6591082317073172 0.4587271341463414 0.6417682926829269 0.444435975609756 0.6532012195121951 0.4583079268292683 0.6705411585365855
0 0.3140625000000001 0.390625 0.2875000000000001 0.390625 0.2875000000000001 0.4078125 0.3140625000000001 0.4078125
0 0.08906250000000007 0.4765625 0.06718750000000007 0.4765625 0.06718750000000007 0.49375 0.08906250000000007 0.49375
0 0.7858883426966292 0.3205161516853934 0.7656109550561798 0.2873349719101124 0.7499999999999998 0.29687500000000006 0.7702773876404493 0.330056179775281
0 0.047182377049180324 0.06431864754098361 0.03089139344262295 0.05074282786885246 0.02269467213114754 0.06057889344262296 0.03898565573770492 0.0741547131147541
0 0.8839949324324324 0.3258445945945946 0.8818834459459459 0.3131756756756757 0.8644003378378379 0.3160895270270271 0.8665118243243244 0.32875844594594594
0 0.943064024390244 0.590548780487805 0.931173780487805 0.5756859756097563 0.9245045731707318 0.5810213414634149 0.9363948170731708 0.5958841463414636
0 0.55625 0.6515625 0.53125 0.6515625 0.53125 0.68125 0.55625 0.68125
0 0.5640625000000001 0.984375 0.5156250000000002 0.984375 0.5156250000000002 0.9984375 0.5640625000000001 0.9984375
0 0.9094857885085575 0.47321974327628374 0.8615793092909534 0.4660337713936431 0.8589547677261613 0.4835307151589244 0.9068612469437654 0.4907166870415649
0 0.4015625 0.13906250000000003 0.3734375 0.13906250000000003 0.3734375 0.14843750000000006 0.4015625 0.14843750000000006
0 0.5390625 0.61875 0.525 0.61875 0.525 0.6390625 0.5390625 0.6390625
0 0.9046875 0.4109375000000002 0.8703125 0.4109375000000002 0.8703125 0.45312500000000017 0.9046875 0.45312500000000017
0 0.6890625000000001 0.8984375000000003 0.6695312500000001 0.8789062500000003 0.6515625000000002 0.8968750000000002 0.6710937500000002 0.9164062500000002
0 0.6481205516014233 0.008201734875444889 0.60052268683274 -0.006672597864768615 0.5956850533807827 0.008807829181494743 0.643282918149466 0.023682161921708245
0 0.5230070754716982 0.6201002358490566 0.507494103773585 0.5373643867924528 0.4611733490566038 0.5460495283018868 0.47668632075471695 0.6287853773584906
0 0.9501885775862069 0.0750808189655173 0.9356681034482758 0.06885775862068973 0.9323545258620689 0.07658943965517251 0.946875 0.0828125000000001
0 0.378125 0.11406250000000004 0.3515625 0.11406250000000004 0.3515625 0.13593750000000004 0.378125 0.13593750000000004
0 0.1795382957559682 0.08388179708222814 0.11455155835543766 0.03920341511936341 0.09389920424403184 0.06924320291777189 0.15888594164456232 0.11392158488063664
0 0.632106613241462 0.9459200868783701 0.5834060440383463 0.8225453115638105 0.5030416791491911 0.8542680871779508 0.5517422483523068 0.9776428624925104
0 0.5674352134146342 0.2694169207317074 0.4952439024390244 0.2428201219512196 0.488734756097561 0.2604878048780489 0.5609260670731708 0.2870846036585367
0 0.3234375000000001 0.846875 0.3062500000000001 0.846875 0.3062500000000001 0.8625 0.3234375000000001 0.8625
0 0.8515625 0.3906250000000001 0.8203125 0.3906250000000001 0.8203125 0.4046875000000002 0.8515625 0.4046875000000002
0 0.7161974009900991 0.40677599009901 0.6894337871287128 0.40409962871287136 0.6885055693069307 0.41338180693069315 0.7152691831683169 0.4160581683168318
0 0.35590420081967217 0.3819287909836066 0.32237448770491806 0.37888063524590165 0.31924948770491807 0.41325563524590175 0.3527792008196722 0.4163037909836066
0 0.515625 0.19687500000000005 0.484375 0.19687500000000005 0.484375 0.2171875000000001 0.515625 0.2171875000000001
0 0.9811701642335766 0.5748289233576642 0.9665602189781021 0.543521897810219 0.9462020985401459 0.5530223540145986 0.9608120437956202 0.5843293795620438
0 0.4340624999999999 0.12718750000000006 0.41031249999999997 0.11531250000000007 0.40499999999999997 0.12593750000000004 0.42874999999999996 0.13781250000000003