0 0.553125 0.5828125 0.50625 0.5828125 0.50625 0.6375 0.553125 0.6375
0 0.660060975609756 0.03601371951219519 0.6358307926829269 0.02033536585365865 0.6139481707317074 0.05415396341463423 0.6381783536585365 0.06983231707317077
0 0.3437500000000001 0.609375 0.29375000000000007 0.609375 0.29375000000000007 0.6453125 0.3437500000000001 0.6453125
0 0.6363051470588235 0.6874080882352942 0.6323529411764705 0.6715992647058824 0.5981617647058823 0.6801470588235293 0.6021139705882353 0.6959558823529413
0 0.4203125 0.696875 0.3937500000000001 0.696875 0.3937500000000001 0.7078125 0.4203125 0.7078125
0 0.5433537371134022 0.19153028350515472 0.5143653350515465 0.19021262886597948 0.5123163659793815 0.23528994845360832 0.5413047680412373 0.23660760309278359
0 0.3805625 0.6936250000000002 0.3678125000000001 0.6840625000000002 0.3569375000000001 0.6985625000000002 0.36968750000000006 0.7081250000000002
0 0.4359375 0.21718750000000003 0.39531249999999996 0.19687500000000002 0.38156249999999997 0.22437500000000005 0.4221875 0.24468750000000003
0 0.4221875 0.08031250000000001 0.40499999999999997 0.045937500000000034 0.38375 0.05656250000000003 0.40093750000000006 0.0909375
0 0.6349770642201837 0.8808056192660553 0.5647362385321102 0.8597333715596331 0.5592316513761469 0.8780819954128443 0.6294724770642204 0.8991542431192663
0 0.40304086538461553 0.672704326923077 0.34896634615384625 0.6579567307692308 0.343016826923077 0.6797716346153848 0.3970913461538462 0.6945192307692309
0 0.53125 0.012500000000000063 0.5078125 0.012500000000000061 0.5078125 0.05156250000000007 0.53125 0.05156250000000007
0 0.590625 0.5578125 0.553125 0.5578125 0.553125 0.578125 0.590625 0.578125
0 0.7125768442622953 0.3664702868852459 0.6910604508196723 0.34853995901639345 0.681454918032787 0.36006659836065574 0.7029713114754099 0.3779969262295082
0 0.567720588235294 0.2788051470588235 0.5358088235294117 0.25145220588235295 0.49169117647058813 0.302922794117647 0.5236029411764704 0.3302757352941176
0 0.625 0.534375 0.5953125 0.534375 0.5953125 0.553125 0.625 0.553125
0 0.403125 0.18593750000000003 0.384375 0.18593750000000003 0.384375 0.19843750000000004 0.403125 0.19843750000000004
0 0.5046875 0.5265625 0.478125 0.5265625 0.478125 0.5484375 0.5046875 0.5484375
0 0.6375000000000001 0.8328125000000002 0.6070312500000001 0.8023437500000001 0.58203125 0.8273437500000002 0.6125 0.8578125000000002
0 0.378125 0.30468750000000006 0.325 0.3046875 0.325 0.32343750000000004 0.378125 0.3234375000000001
0 0.7173437499999998 0.18484375000000008 0.7018125 0.1826250000000001 0.6995625 0.1983750000000001 0.7150937499999999 0.20059375000000007
0 0.614864864864865 0.726435810810811 0.5862331081081082 0.7216638513513515 0.5832347972972974 0.7396537162162163 0.6118665540540542 0.7444256756756757
0 0.9578125 0.6796875000000002 0.940625 0.6796875000000002 0.940625 0.6921875000000002 0.9578125 0.6921875000000002
0 0.3484375 0.21875 0.3125 0.21875 0.3125 0.2640625 0.3484375 0.2640625
0 0.3867548076923078 0.6096634615384615 0.37388221153846163 0.5996514423076923 0.3567187500000001 0.62171875 0.36959134615384626 0.6317307692307692
0 0.49718750000000006 0.1178125000000001 0.45765625 0.09265625000000002 0.4438878676470588 0.11429227941176474 0.4834191176470589 0.13944852941176483
0 0.6359375 0.6734375 0.5109375 0.6734375 0.5109375 0.6921875 0.6359375 0.6921875
0 0.5034855769230769 0.5606971153846154 0.4848557692307692 0.5569711538461539 0.4818509615384615 0.5719951923076925 0.5004807692307692 0.575721153846154
0 0.7003800675675675 0.7304054054054052 0.6976351351351352 0.7139358108108109 0.6839527027027027 0.7162162162162163 0.686697635135135 0.7326858108108107
0 0.600893419395466 0.4390979219143577 0.5563995591939547 0.42504722921914356 0.5499999999999999 0.4453125000000001 0.5944938602015113 0.4593631926952142
0 0.5804956896551725 0.8300107758620691 0.5538254310344828 0.8193426724137932 0.5498383620689655 0.8293103448275863 0.5765086206896552 0.8399784482758623
0 0.6351562500000001 0.42265625000000007 0.6148437500000001 0.4023437500000001 0.60390625 0.41328125000000016 0.62421875 0.43359375000000017
0 0.36207700276243093 0.36428694751381213 0.3218922651933701 0.36217196132596685 0.31974706491712707 0.4029307665745857 0.35993180248618784 0.40504575276243104
0 0.4082607581967214 0.4528816598360656 0.38487448770491806 0.4507556352459017 0.38383709016393447 0.4621670081967214 0.40722336065573783 0.4642930327868854
0 0.47590144230769227 0.8013822115384617 0.465264423076923 0.7481971153846153 0.3730168269230769 0.7666466346153845 0.3836538461538462 0.8198317307692309
0 0.7053308823529412 0.6306985294117647 0.6791911764705882 0.6248897058823529 0.6749632352941176 0.6439154411764706 0.7011029411764705 0.6497242647058824
0 0.6649578651685393 0.48049508426966303 0.6328915028089888 0.4730951544943821 0.6290993679775282 0.489527738764045 0.6611657303370786 0.4969276685393259
0 0.46875 0.5515625 0.4546875 0.5515625 0.4546875 0.5625 0.46875 0.5625
0 0.4390625 0.003125000000000052 0.4109375 0.00312500000000005 0.4109375 0.010937500000000051 0.4390625 0.010937500000000053
0 0.6137408088235293 0.020818014705882383 0.6029871323529411 0.0028952205882352812 0.5719669117647058 0.02150735294117645 0.582720588235294 0.03943014705882355
0 0.3867803423236515 0.10543309128630711 0.37199818464730294 0.10149118257261416 0.36250648340248964 0.13708506224066394 0.3772886410788382 0.14102697095435693
0 0.5805288461538463 0.3307692307692308 0.5786057692307693 0.3211538461538462 0.5656850961538462 0.3237379807692308 0.5676081730769231 0.3333533653846155
0 0.5671875 0.59375 0.5453125 0.59375 0.5453125 0.603125 0.5671875 0.603125
0 0.7244877049180328 0.5321977459016394 0.6878586065573772 0.5288678278688526 0.6862832991803279 0.5461962090163937 0.7229123975409836 0.5495261270491805
0 0.7453125 0.7015625000000001 0.725 0.7015625 0.725 0.7234375000000001 0.7453125 0.7234375000000002
0 0.5113970588235295 0.32784926470588244 0.4786764705882353 0.31966911764705885 0.4728860294117648 0.34283088235294124 0.5056066176470588 0.35101102941176476
0 0.43829898648648646 0.6605810810810812 0.42070439189189185 0.6266486486486487 0.3402516891891892 0.6683648648648649 0.3578462837837838 0.7022972972972974
0 0.3734375000000001 0.840625 0.3437500000000001 0.840625 0.3437500000000001 0.8609375 0.3734375000000001 0.8609375
0 0.4597462871287129 0.2505878712871287 0.45835396039603965 0.23666460396039604 0.43344678217821786 0.2391553217821782 0.43483910891089106 0.2530785891089109
0 0.5850000000000001 0.7784375000000001 0.5600000000000002 0.7659375 0.5540625 0.7778125000000002 0.5790625 0.7903125000000001
0 0.2969872237569061 0.37911774861878456 0.27410652624309395 0.3779135013812155 0.271875 0.4203125 0.2947556975138122 0.42151674723756916
0 0.5346129441624367 0.5591687817258884 0.5095177664974619 0.557376269035533 0.5077411167512691 0.5822493654822336 0.5328362944162437 0.5840418781725889
0 0.559375 0.5828125 0.503125 0.5828125 0.503125 0.6359375 0.559375 0.6359375
0 0.4723631480218282 0.7582537517053206 0.3768801159618009 0.751180934515689 0.3745821964529332 0.7822028478854025 0.4700652285129605 0.7892756650750341
0 0.47592830882352954 0.05511948529411772 0.4356617647058824 0.05202205882352946 0.4337591911764706 0.07675551470588242 0.47402573529411773 0.07985294117647065
0 0.3875 0.2875000000000001 0.3640625 0.2640625000000001 0.3421875 0.28593750000000007 0.365625 0.30937500000000007
0 0.46705202312138727 0.7077131502890174 0.4646495664739884 0.6920971820809247 0.42226336705202316 0.6986181358381502 0.42466582369942196 0.7142341040462428
0 0.6390625 0.09218750000000007 0.6125 0.09218750000000006 0.6125 0.1140625000000001 0.6390625 0.1140625000000001
0 0.3871875 0.45562500000000006 0.343125 0.4409375000000001 0.335625 0.46343750000000006 0.3796875 0.478125
0 0.4078125 0.4484375 0.3375000000000001 0.4484375 0.3375000000000001 0.475 0.4078125 0.475
0 0.6717132624768947 0.5572146487985212 0.6191283502772643 0.5321742144177449 0.60162603974122 0.5689290665434381 0.6542109519408503 0.5939695009242144
0 0.6371514423076923 0.09450721153846162 0.6116346153846155 0.08754807692307703 0.6019350961538462 0.12311298076923087 0.6274519230769231 0.13007211538461547
0 0.5940000000000001 0.8048750000000002 0.58125 0.7953125000000002 0.5756249999999999 0.8028125000000003 0.5883750000000001 0.8123750000000003
0 0.40540471311475423 0.1436731557377049 0.3919569672131148 0.12753586065573766 0.38273565573770496 0.13522028688524587 0.39618340163934435 0.1513575819672131
0 0.5994266055045873 0.15920298165137622 0.5683199541284405 0.1498709862385322 0.5622993119266056 0.16993979357798178 0.5934059633027524 0.1792717889908258