0 0.60725 0.533625 0.603125 0.528125 0.5963750000000001 0.5331875 0.6005 0.5386875
0 0.4296875 0.5796875 0.4234375 0.5796875 0.4234375 0.5859375 0.4296875 0.5859375
0 0.5765625 0.5078125 0.571875 0.5078125 0.571875 0.515625 0.5765625 0.515625
0 0.56875 0.553125 0.559375 0.553125 0.559375 0.565625 0.56875 0.565625
0 0.49312500000000015 0.5893750000000001 0.4875 0.5875000000000001 0.4846875 0.5959375000000001 0.4903125000000001 0.5978125000000001
0 0.72578125 0.5226562500000002 0.7218749999999999 0.51875 0.7164062499999999 0.5242187500000001 0.7203125 0.5281250000000002
0 0.675 0.5265625 0.6687500000000001 0.5203125000000001 0.6625000000000001 0.5265625 0.66875 0.5328125
0 0.5390625 0.4390625 0.534375 0.4390625 0.534375 0.4453125 0.5390625 0.4453125
0 0.5078125 0.534375 0.5015625 0.534375 0.5015625 0.5421875 0.5078125 0.5421875
0 0.53515625 0.50078125 0.5290625 0.4987500000000001 0.52671875 0.5057812500000001 0.5328125 0.5078125
0 0.46328125 0.57265625 0.4571875 0.570625 0.45484375000000005 0.57765625 0.4609375 0.5796875
0 0.65671875 0.55796875 0.6501562500000001 0.5557812500000001 0.6476562500000002 0.5632812500000001 0.6542187500000001 0.5654687500000001
0 0.4984375 0.4890625 0.49375 0.4890625 0.49375 0.496875 0.4984375 0.496875
0 0.43125 0.459375 0.4265625 0.459375 0.4265625 0.465625 0.43125 0.465625
0 0.4390625 0.5546875 0.4328125 0.5546875 0.4328125 0.5625 0.4390625 0.5625
0 0.2593750000000001 0.5078125 0.2500000000000001 0.5078125 0.2500000000000001 0.525 0.2593750000000001 0.525
0 0.5203125 0.534375 0.5125 0.534375 0.5125 0.5421875 0.5203125 0.5421875
0 0.7141544117647058 0.5324448529411765 0.7093749999999999 0.5312500000000001 0.7072610294117647 0.5397058823529413 0.7120404411764706 0.5409007352941178
0 0.5678124999999999 0.5346875000000001 0.5634375000000001 0.5325000000000001 0.5609375000000001 0.5375000000000002 0.5653124999999999 0.5396875000000001
0 0.665625 0.4921875 0.65625 0.4921875 0.65625 0.503125 0.665625 0.503125
1 0.846875 0.4890625000000002 0.784375 0.4890625000000002 0.784375 0.5718750000000001 0.846875 0.5718750000000001