0 0.84375 0.4343750000000002 0.8171875 0.4343750000000002 0.8171875 0.4890625000000002 0.84375 0.4890625000000002
0 0.9106971153846155 0.5637019230769231 0.8599158653846153 0.5535456730769232 0.8514423076923077 0.5959134615384616 0.9022235576923079 0.6060697115384617
0 0.816346153846154 0.5979567307692308 0.7951923076923078 0.5662259615384615 0.7641826923076923 0.5868990384615385 0.7853365384615385 0.6186298076923078
0 0.6911929264063703 0.2974409195992808 0.6763417512201386 0.16590193937837147 0.6232633091446185 0.1718946667094786 0.6381144843308502 0.30343364693038793
0 0.7691706730769229 0.6807091346153846 0.7447596153846152 0.5912019230769232 0.6910817307692307 0.6058413461538462 0.7154927884615383 0.6953485576923077
0 0.6142393867924526 0.33343160377358483 0.5879422169811319 0.24139150943396226 0.5357311320754715 0.25630896226415095 0.5620283018867923 0.3483490566037736
0 0.710159732540862 0.48301448736998526 0.6661125557206539 0.3985907317979198 0.6304420505200594 0.4172014301634473 0.6744892273402675 0.5016251857355127
0 0.8834375000000001 0.6762500000000001 0.8634375000000001 0.6362499999999999 0.8121875 0.6618749999999999 0.8321875000000001 0.701875
0 0.8159615384615387 0.4113701923076924 0.7678846153846155 0.405360576923077 0.7545192307692308 0.5122836538461539 0.8025961538461541 0.5182932692307693
0 0.8778659173631705 0.8909485373416016 0.8381567639525478 0.8207956996495014 0.7156237361822594 0.8901540172553251 0.7553328895928821 0.9603068549474252
0 0.5462561881188119 0.3453743811881188 0.5431157178217821 0.3139696782178218 0.5143409653465346 0.31684715346534653 0.5174814356435643 0.34825185643564355
0 0.2977586206896552 0.8618965517241379 0.2835021551724138 0.8492241379310345 0.26600215517241377 0.8689116379310345 0.2802586206896552 0.881584051724138
0 0.909375 0.7812500000000002 0.878125 0.7812500000000002 0.878125 0.8484375 0.909375 0.8484375
0 0.490625 0.2531250000000001 0.4453125 0.2531250000000001 0.4453125 0.3343750000000001 0.490625 0.3343750000000001
0 0.4468750000000002 0.9421875 0.38750000000000007 0.9421875 0.38750000000000007 0.98125 0.4468750000000002 0.98125
0 0.9984375 0.5437500000000002 0.9765625 0.5437500000000002 0.9765625 0.5718750000000001 0.9984375 0.5718750000000001
0 0.783479774535809 0.4064157824933686 0.7523126657824933 0.23811339522546415 0.6688328912466843 0.2535726127320954 0.7 0.4218749999999999
0 0.7664158653846154 0.5165793269230771 0.7253100961538461 0.47980048076923093 0.6850985576923077 0.5247427884615387 0.7262043269230769 0.5615216346153848
3 0.6828125 0.6015625 0.428125 0.6015625 0.4281250000000001 0.8203125 0.6828125000000002 0.8203125
3 0.934375 0.1718750000000001 0.828125 0.17187500000000008 0.828125 0.3156250000000001 0.934375 0.3156250000000001