1 0.7609375 0.5781250000000001 0.403125 0.578125 0.40312500000000007 0.821875 0.7609375000000002 0.821875
0 0.5120283018867925 0.21553655660377355 0.5024174528301886 0.18189858490566038 0.4578419811320753 0.19463443396226415 0.46745283018867917 0.22827240566037732
0 0.45188577586206896 0.6039331896551725 0.4292564655172414 0.5473599137931034 0.375915948275862 0.5686961206896551 0.3985452586206897 0.6252693965517242
0 0.4379595588235293 0.44191176470588234 0.42844669117647055 0.4260569852941177 0.40983455882352937 0.43722426470588244 0.4193474264705882 0.4530790441176471
0 0.5680514705882354 0.22529411764705887 0.5474632352941178 0.20764705882352943 0.536875 0.22000000000000006 0.5574632352941178 0.2376470588235295
0 0.55234375 0.2835937500000001 0.5375 0.26875 0.5140624999999999 0.29218750000000004 0.52890625 0.30703125000000014
0 0.5268750000000001 0.80375 0.5009375 0.7518750000000001 0.46781249999999996 0.7684375000000001 0.49375 0.8203125
0 0.4559742647058824 0.7120404411764707 0.4306066176470589 0.7056985294117648 0.4257352941176471 0.7251838235294119 0.45110294117647065 0.7315257352941178
0 0.3671875000000001 0.7078125 0.3468750000000001 0.7078125 0.3468750000000001 0.7265625 0.3671875000000001 0.7265625
0 0.17722602739726032 0.3805222602739726 0.14486301369863017 0.36838613013698635 0.13747859589041098 0.3880779109589042 0.16984160958904113 0.4002140410958905
0 0.16328125000000013 0.7695312500000001 0.13046875000000005 0.73671875 0.109375 0.7578125 0.14218750000000008 0.7906250000000001
0 0.1949353448275863 0.4845366379310345 0.17553879310344833 0.47677801724137925 0.1642241379310345 0.5050646551724138 0.18362068965517245 0.512823275862069
0 0.375 4.420209540672478e-17 0.34375 4.228858478305704e-17 0.34375 0.025000000000000043 0.375 0.025000000000000043
0 0.4537885273972603 0.1944777397260274 0.39904751712328773 0.16959546232876718 0.38984375000000004 0.1898437500000001 0.44458476027397265 0.2147260273972603