0 0.5 0.5359375 0.4078125 0.5359375 0.4078125 0.621875 0.5 0.621875
0 0.81875 0.1687500000000001 0.7921875 0.1687500000000001 0.7921875 0.2062500000000001 0.81875 0.2062500000000001
0 0.1500143348623854 0.5035980504587158 0.1256450688073395 0.496287270642202 0.12181766055045877 0.5090452981651378 0.14618692660550467 0.5163560779816515
0 0.5649038461538461 0.24014423076923092 0.5306490384615384 0.21730769230769242 0.518389423076923 0.23569711538461552 0.5526442307692307 0.258533653846154
0 0.6718893348623853 0.7464019495412846 0.6656106651376147 0.7254730504587157 0.6515625 0.7296875 0.6578411697247708 0.7506163990825689
0 0.6215745192307691 0.2265024038461539 0.5804086538461537 0.2182692307692308 0.5742187499999999 0.2492187500000001 0.6153846153846153 0.25745192307692316
0 0.2004595588235294 0.4393382352941176 0.19264705882352942 0.40808823529411764 0.18125 0.4109375 0.18906249999999997 0.4421874999999999
0 0.4364182692307693 0.6258413461538462 0.4050480769230771 0.6049278846153847 0.3978365384615386 0.6157451923076925 0.4292067307692308 0.636658653846154
0 0.9469288793103449 0.7712284482758622 0.9388469827586207 0.7510237068965517 0.9097521551724137 0.7626616379310345 0.9178340517241379 0.782866379310345
0 0.95 0.9375 0.93125 0.9375 0.93125 0.9515625 0.95 0.9515625
0 0.11250000000000007 0.540625 0.08906250000000007 0.540625 0.08906250000000007 0.575 0.11250000000000009 0.575
0 0.2565223623853212 0.6793004587155964 0.2257024082568809 0.6700544724770643 0.2210579128440368 0.6855361238532112 0.25187786697247716 0.6947821100917432
0 0.7609375000000002 0.83125 0.7296875000000002 0.83125 0.7296875000000002 0.8546875 0.7609375000000002 0.8546875
0 0.36264423076923075 0.2911538461538462 0.3013942307692308 0.25615384615384623 0.2854326923076923 0.28408653846153853 0.34668269230769233 0.3190865384615385
0 0.47056864754098376 0.8231301229508198 0.4438268442622951 0.8008452868852458 0.4334528688524591 0.8132940573770492 0.4601946721311476 0.8355788934426231
0 0.5066105769230769 0.46274038461538475 0.4669471153846153 0.4362980769230771 0.45637019230769227 0.45216346153846165 0.49603365384615383 0.47860576923076936
0 0.4535817307692308 0.021346153846153904 0.4328125 0.018750000000000044 0.4319711538461538 0.02548076923076928 0.45274038461538463 0.028076923076923138
0 0.6507211538461538 0.7364182692307694 0.626923076923077 0.7205528846153848 0.6177884615384617 0.734254807692308 0.6415865384615385 0.7501201923076926
0 0.7379687499999998 0.11265625000000005 0.6948437499999999 0.09828125000000007 0.6753124999999999 0.15687500000000004 0.7184374999999998 0.17125000000000004
0 0.3625 0.603125 0.34062500000000007 0.58125 0.3281250000000001 0.5937500000000002 0.35 0.615625
0 0.9124461206896551 0.7618534482758622 0.9075161637931035 0.7503502155172413 0.8896012931034484 0.7580280172413794 0.89453125 0.7695312500000002
0 0.5875000000000001 0.6250000000000002 0.5632812500000001 0.60078125 0.5507812500000001 0.6132812500000001 0.5750000000000002 0.6375000000000002
0 0.6843518175074186 0.9262564910979231 0.5480526706231456 0.9196077522255196 0.545708456973294 0.9676641320474781 0.6820076038575669 0.9743128709198816
0 0.9746698113207548 0.6397818396226416 0.9497641509433963 0.6351120283018868 0.9414681603773586 0.6793573113207548 0.9663738207547171 0.6840271226415096
0 0.5408088235294117 0.8727022058823529 0.5198529411764706 0.8674632352941177 0.5173713235294117 0.8773897058823531 0.5383272058823529 0.8826286764705882
0 0.4984375000000001 0.5906250000000001 0.4375000000000001 0.5296875000000001 0.4078125000000001 0.5593750000000001 0.4687500000000001 0.6203125
0 0.5219398340248963 0.8021006224066392 0.4834284232365146 0.7918309128630707 0.47901970954356854 0.8083635892116184 0.5175311203319503 0.818633298755187
0 0.7706198770491804 0.9533811475409838 0.75140881147541 0.9373719262295083 0.7450051229508198 0.9450563524590165 0.7642161885245902 0.9610655737704921
0 0.36640625 0.22265625 0.34438384433962266 0.2104215801886793 0.3373083726415094 0.22315742924528306 0.35933077830188676 0.23539209905660377
0 0.5628308823529413 0.6418014705882354 0.5293750000000002 0.6131250000000001 0.514375 0.6306250000000002 0.5478308823529413 0.6593014705882355
0 0.46396874999999993 0.11965625000000002 0.45696875 0.07065625 0.4311562499999999 0.07434375 0.43815624999999986 0.12334375000000002
0 0.5734375000000002 0.8046875 0.5406250000000001 0.8046875 0.5406250000000001 0.821875 0.5734375000000002 0.821875
0 0.6293074324324326 0.4741554054054055 0.6027364864864866 0.4548310810810812 0.5905743243243244 0.4715540540540542 0.6171452702702703 0.4908783783783785
0 0.908873820754717 0.8365271226415094 0.8800854952830189 0.8205336084905662 0.8716833726415094 0.8356574292452832 0.9004716981132075 0.8516509433962266
0 0.1742187500000001 0.33671875000000007 0.14296875 0.30546875 0.13124999999999998 0.31718750000000007 0.16250000000000006 0.3484375000000001
0 0.5298018292682927 0.17290396341463415 0.48044969512195124 0.13342225609756098 0.4661204268292683 0.15133384146341464 0.5154725609756097 0.19081554878048784
0 0.9920608108108109 0.4882601351351353 0.978125 0.4859375000000001 0.9736486486486488 0.5127956081081082 0.9875844594594596 0.5151182432432434
0 0.573033405172414 0.7368803879310345 0.5458782327586208 0.7252424568965518 0.5404633620689656 0.7378771551724139 0.5676185344827587 0.7495150862068967
0 0.6048076923076925 0.7728365384615385 0.5829326923076924 0.7400240384615385 0.5695913461538462 0.7489182692307693 0.5914663461538463 0.7817307692307696
0 0.5418496621621622 0.6598395270270271 0.5084037162162163 0.6542652027027028 0.5056165540540543 0.6709881756756759 0.5390625000000002 0.6765625000000002
0 0.741778846153846 0.38579326923076923 0.7385336538461538 0.35983173076923075 0.6737259615384615 0.36793269230769227 0.6769711538461538 0.39389423076923075
0 0.501751077586207 0.6469558189655173 0.4793103448275863 0.6373383620689657 0.4738146551724139 0.6501616379310345 0.4962553879310345 0.6597790948275863
0 0.6029310344827585 0.3023275862068967 0.5634913793103449 0.2990409482758622 0.5599245689655173 0.34184267241379324 0.5993642241379311 0.34512931034482774
0 0.30390625 0.53828125 0.28828125 0.52265625 0.28046875 0.53046875 0.29609375 0.54609375
0 0.7630246350364966 0.8180885036496353 0.7280223540145989 0.8053604014598541 0.7234603102189784 0.8179060218978105 0.7584625912408761 0.8306341240875914
0 0.7042380136986301 0.5136986301369865 0.6545804794520549 0.4950770547945208 0.6464897260273974 0.5166523972602741 0.6961472602739727 0.5352739726027399
0 0.5830528846153846 0.583173076923077 0.5268629807692309 0.5719350961538462 0.5225961538461539 0.5932692307692309 0.5787860576923076 0.6045072115384617
0 0.20040625000000012 0.4471562500000001 0.1710937500000001 0.4429687500000001 0.1675625000000001 0.4676875000000001 0.1968750000000001 0.4718750000000001
0 0.96171875 0.7304687500000002 0.95234375 0.7210937500000003 0.9375000000000002 0.7359375000000002 0.9468750000000001 0.7453125000000003
0 0.2889423076923078 0.6959134615384615 0.25961538461538464 0.6519230769230768 0.24555288461538458 0.661298076923077 0.27487980769230774 0.7052884615384616
0 0.4812499999999999 0.6640624999999999 0.46850961538461533 0.6449519230769231 0.45012019230769224 0.6572115384615385 0.4628605769230768 0.6763221153846153
0 0.725 0.4109375 0.6765625 0.4109375 0.6765625 0.4375 0.725 0.4375
0 0.5885110294117648 0.7037683823529413 0.5142463235294118 0.685202205882353 0.5079963235294118 0.710202205882353 0.5822610294117647 0.7287683823529413
0 0.6765625 0.2171875000000001 0.6453125 0.2171875000000001 0.6453125 0.23593750000000008 0.6765625 0.23593750000000008
0 0.6968750000000001 0.965625 0.6718750000000002 0.965625 0.6718750000000002 0.9984375 0.6968750000000001 0.9984375
0 0.30645866454689974 0.7554799284578697 0.28256160572337036 0.700516693163752 0.26976351351351346 0.706081081081081 0.29366057233704285 0.7610443163751988
0 0.5199746621621623 0.7520270270270271 0.492356418918919 0.7474239864864866 0.4899915540540542 0.7616131756756758 0.5176097972972975 0.7662162162162163
0 0.5353125 0.7362499999999998 0.5118750000000001 0.7284374999999998 0.50828125 0.73921875 0.5317187499999999 0.74703125
0 0.6288602941176471 0.3998161764705882 0.623529411764706 0.3784926470588236 0.60625 0.3828125 0.6115808823529412 0.4041360294117647
0 0.7183894230769231 0.6903846153846156 0.6935096153846152 0.6737980769230771 0.6841346153846153 0.6878605769230771 0.7090144230769231 0.7044471153846156
0 0.9510245901639346 0.7012295081967214 0.9368084016393444 0.6841700819672131 0.9278944672131149 0.6915983606557377 0.9421106557377051 0.7086577868852459
0 0.2390625 0.6109375 0.23260135135135135 0.5721706081081082 0.21385135135135142 0.5752956081081082 0.2203125 0.6140625
0 0.13812500000000008 0.5409375000000001 0.12000000000000004 0.5318750000000001 0.11437500000000005 0.5431250000000001 0.1325000000000001 0.5521875
0 0.1484375 0.2828125 0.1421875 0.2640625 0.13374999999999998 0.26687500000000003 0.13999999999999999 0.285625
0 0.5573275862068965 0.3410560344827587 0.5314655172413792 0.33071120689655176 0.5210129310344828 0.35684267241379314 0.546875 0.3671875000000001
0 0.6579044117647058 0.04650735294117654 0.6112132352941176 0.0348345588235295 0.6077205882352942 0.04880514705882362 0.6544117647058824 0.06047794117647065
0 0.1843750000000001 0.40312500000000007 0.14765625 0.36640625 0.1359375 0.378125 0.1726562500000001 0.41484375000000007
0 0.5622500000000001 0.88925 0.5333750000000002 0.885125 0.5320625000000001 0.8943125000000004 0.5609375000000002 0.8984375000000003
0 0.5485641891891893 0.38048986486486497 0.5348817567567569 0.37820945945945955 0.5313344594594596 0.3994932432432433 0.5450168918918921 0.4017736486486488
0 0.15625000000000006 0.4109375 0.12500000000000006 0.4109375 0.12500000000000006 0.4578125 0.15625000000000006 0.4578125
0 0.4984375 0.090625 0.47578125 0.06796875000000005 0.459375 0.08437500000000009 0.4820312499999999 0.10703125000000005
0 0.30937500000000007 0.9406250000000002 0.2710937500000001 0.9023437500000002 0.26015625000000014 0.91328125 0.29843750000000013 0.9515625
0 0.5944711538461539 0.4057692307692308 0.545250938086304 0.40148921200750476 0.5378400562851783 0.48671435272045044 0.5870602720450282 0.49099437148217645
0 0.5798076923076925 0.9224759615384619 0.5662499999999999 0.89875 0.5479086538461538 0.9092307692307692 0.5614663461538463 0.932956730769231
0 0.6321745110024449 0.18689257334963325 0.6125764058679706 0.0562385391198044 0.528835574572127 0.06879966381418093 0.5484336797066014 0.19945369804400975
0 0.48202557005948454 0.7479686467283544 0.4252550809649704 0.689095546926636 0.4125609302709849 0.7013363350958363 0.46933141936549905 0.7602094348975547
0 0.8203125 0.2578125000000001 0.803125 0.2578125000000001 0.803125 0.2734375000000001 0.8203125 0.2734375000000001
0 0.20218750000000005 0.48625000000000007 0.17218750000000005 0.4712500000000001 0.16593750000000007 0.48375 0.19593750000000004 0.4987500000000001
0 0.33062500000000006 0.5278125 0.3068750000000001 0.5159375 0.3025000000000001 0.5246875000000001 0.32625000000000004 0.5365625
0 0.6871462264150945 0.6706367924528303 0.6557045990566038 0.6531692216981133 0.6394899764150944 0.6823555424528303 0.670931603773585 0.6998231132075473
0 0.4785060975609756 0.7924923780487806 0.45011432926829265 0.7697789634146341 0.4391387195121951 0.783498475609756 0.4675304878048781 0.8062118902439025
0 0.11875000000000005 0.265625 0.09687500000000003 0.265625 0.09687500000000004 0.3 0.11875000000000005 0.3
0 0.5265625 0.903125 0.5054687500000001 0.8820312500000002 0.4976562500000001 0.8898437500000002 0.51875 0.9109375