2 0.6578125 0.4 0.6171875 0.4 0.6171875 0.4421875 0.6578125 0.4421875
2 0.7162124999999999 0.3196375000000001 0.7133124999999999 0.3036875000000001 0.6660125 0.31228750000000005 0.6689125 0.3282375
2 0.7414253048780488 0.03654725609756097 0.7395731707317073 0.027903963414634147 0.7084146341463414 0.03458079268292684 0.7102667682926829 0.04322408536585367
2 0.7534375 0.07562500000000005 0.71546875 0.06296875000000006 0.70890625 0.08265625000000007 0.746875 0.09531250000000006
2 0.6133196721311476 0.2847336065573772 0.5872566598360656 0.2823642418032788 0.5692366803278689 0.48058401639344267 0.5952996926229508 0.482953381147541
2 0.5205380154639176 0.41433634020618565 0.4986469072164949 0.40460695876288666 0.4937500000000001 0.4156250000000001 0.5156411082474228 0.42535438144329907
2 0.7046875 0.69375 0.675 0.69375 0.675 0.721875 0.7046875 0.721875
2 0.7675937500000002 0.6018437500000002 0.7380625000000002 0.5976250000000002 0.7363750000000002 0.6094375000000001 0.7659062500000002 0.6136562500000002
2 0.9306249999999998 0.30593749999999986 0.92578125 0.29140625 0.9014062499999997 0.29953124999999997 0.9062499999999998 0.3140624999999999
2 0.516048076923077 0.21582211538461546 0.4848942307692307 0.21409134615384623 0.484375 0.22343750000000004 0.5155288461538462 0.22516826923076932
2 0.8427364864864867 0.5263935810810813 0.8204391891891891 0.522677364864865 0.8183277027027026 0.5353462837837839 0.8406250000000002 0.5390625000000002
2 0.4234375 0.6375 0.403125 0.6375 0.403125 0.653125 0.4234375 0.653125
2 0.5491727941176471 0.19549632352941185 0.5267463235294118 0.189889705882353 0.5238051470588235 0.20165441176470594 0.5462316176470589 0.20726102941176477
2 0.5274301470588235 0.7034080882352942 0.5112242647058822 0.6965845588235294 0.49466544117647054 0.7359117647058823 0.5108713235294118 0.742735294117647
2 0.840625 0.0343750000000001 0.8171875 0.0343750000000001 0.8171875 0.0421875000000001 0.840625 0.0421875000000001
2 0.49375 0.7015625 0.46875 0.7015625 0.46875 0.7203125 0.49375 0.7203125
2 0.4828125 0.23593750000000008 0.465625 0.23593750000000008 0.465625 0.2500000000000001 0.4828125 0.2500000000000001
2 0.459375 0.4953125 0.4328125 0.4953125 0.4328125 0.5078125 0.459375 0.5078125
2 0.871875 0.20312500000000008 0.8578125 0.20312500000000008 0.8578125 0.21093750000000008 0.871875 0.21093750000000008
2 0.8051474056603773 0.3678596698113209 0.6222228773584906 0.333561320754717 0.5848290094339623 0.532995283018868 0.767753537735849 0.5672936320754719
2 0.6140625 0.1468750000000001 0.6 0.1468750000000001 0.6 0.1843750000000001 0.6140625 0.1843750000000001
2 0.4671875000000002 0.775 0.44531250000000017 0.775 0.44531250000000017 0.790625 0.4671875000000002 0.790625
2 0.8346153846153845 0.11370192307692313 0.794951923076923 0.0872596153846155 0.783653846153846 0.10420673076923088 0.8233173076923077 0.1306490384615385