0 0.3515625000000001 0.640625 0.31718750000000007 0.640625 0.31718750000000007 0.66875 0.3515625000000001 0.66875
0 0.6668687499999998 0.6302687500000002 0.6372812499999998 0.58753125 0.6067312499999997 0.6086812500000001 0.6363187499999998 0.6514187500000002
0 0.5358801605504588 0.6887327981651378 0.48699827981651395 0.6740682339449543 0.47749426605504597 0.705748279816514 0.526376146788991 0.7204128440366975
0 0.5276182432432432 0.3157094594594595 0.5205236486486486 0.2731418918918919 0.4642736486486487 0.28251689189189194 0.4713682432432432 0.32508445945945946
0 0.4023018533123029 0.7061612776025239 0.36358931388012616 0.6757442823343849 0.3432570977917981 0.7016216482649844 0.3819696372239748 0.7320386435331232
0 0.42476522020725394 0.23151716321243532 0.3967697538860103 0.22414993523316068 0.38654873704663206 0.26298979922279797 0.4145442033678757 0.2703570272020726
0 0.5151327054794521 0.44454195205479474 0.4089683219178083 0.40473030821917816 0.34295804794520557 0.5807577054794522 0.4491224315068494 0.6205693493150686
0 0.459375 0.665625 0.4203125 0.665625 0.4203125000000001 0.734375 0.4593750000000001 0.734375
0 0.7728124999999999 0.6153125000000002 0.7284375000000001 0.5931250000000001 0.7190625 0.6118750000000002 0.7634374999999999 0.6340625000000001
0 0.434375 0.596875 0.40625 0.596875 0.40625 0.61875 0.434375 0.61875
0 0.5880057803468209 0.4654624277456648 0.5281250000000001 0.4562500000000001 0.5200325144508671 0.5088511560693643 0.5799132947976879 0.5180635838150289
0 0.30308124999999997 0.54936875 0.2711425 0.49112750000000005 0.19197625000000001 0.53454125 0.22391499999999995 0.5927825
0 0.3281250000000001 0.421875 0.3000000000000001 0.421875 0.3000000000000001 0.4453125 0.3281250000000001 0.4453125
0 0.396875 0.34375000000000006 0.33437500000000003 0.34375 0.3343750000000001 0.3765625 0.39687500000000003 0.3765625
0 0.6454687499999999 0.12078125000000003 0.6410937499999999 0.10765624999999998 0.62609375 0.11265624999999999 0.63046875 0.12578125000000004
0 0.5984375 0.5765625 0.5171875 0.5765625 0.5171875 0.609375 0.5984375 0.609375
0 0.35775353773584906 0.5044811320754718 0.3539799528301886 0.4912735849056604 0.3178655660377358 0.5015919811320755 0.32163915094339623 0.5147995283018869
0 0.42746394230769236 0.3998197115384616 0.42079326923076926 0.36646634615384616 0.38683894230769234 0.3732572115384615 0.3935096153846154 0.4066105769230769
0 0.26824999999999993 0.7902500000000001 0.26184375 0.74540625 0.23734374999999996 0.7489062500000001 0.24374999999999997 0.7937500000000001
0 0.30926670792079214 0.7229579207920793 0.28049195544554467 0.7200804455445546 0.2775216584158417 0.7497834158415844 0.30629641089108917 0.752660891089109
0 0.3412683823529413 0.3896139705882353 0.3192095588235294 0.3840992647058824 0.3125 0.41093750000000007 0.33455882352941185 0.416452205882353
0 0.2525240384615385 0.6873798076923078 0.236298076923077 0.6841346153846154 0.23149038461538468 0.708173076923077 0.24771634615384616 0.7114182692307692
0 0.4805103550295858 0.5955251479289941 0.4605399408284024 0.5872041420118344 0.4534670857988166 0.6041789940828404 0.4734374999999999 0.6125
0 0.717770190023753 0.23564801068883612 0.6711178741092636 0.19210584916864612 0.6477360451306413 0.21715780878859864 0.6943883610451306 0.2606999703087886
0 0.5265625 0.17500000000000004 0.5 0.17500000000000004 0.5 0.19375000000000003 0.5265625 0.19375000000000003
0 0.7982796117611306 0.7321237273970521 0.687160718355873 0.5424085435344171 0.6296561597781493 0.576089784987084 0.7407750531834069 0.7658049688497188
0 0.404003193430657 0.6246806569343066 0.3968864051094891 0.605109489051095 0.37179516423357667 0.6142335766423359 0.3789119525547445 0.6338047445255476
0 0.3500000000000001 0.5765625 0.3078125000000001 0.5765625 0.3078125000000001 0.6046875 0.3500000000000001 0.6046875
0 0.3111778846153846 0.8449519230769231 0.30204326923076924 0.7992788461538461 0.2759014423076923 0.8045072115384615 0.28503605769230766 0.8501802884615385
0 0.720365168539326 0.8439782303370789 0.6744382022471911 0.8152738764044946 0.6530196629213484 0.8495435393258429 0.6989466292134833 0.8782478932584272
0 0.28623310810810815 0.5154138513513513 0.268602195945946 0.4907305743243243 0.22455658783783786 0.5221917229729729 0.2421875 0.5468749999999999
0 0.3627995055780933 0.7584194345841786 0.3522058823529412 0.6927389705882353 0.3195375887423936 0.6980080502028398 0.33013121196754563 0.763688514198783
0 0.6346153846153847 0.34651442307692326 0.5971153846153846 0.32151442307692324 0.5860576923076922 0.3381009615384617 0.6235576923076923 0.3631009615384617
0 0.3979579207920793 0.637608292079208 0.3665532178217822 0.6344678217821783 0.3640006188118812 0.6599938118811882 0.39540532178217835 0.6631342821782179
0 0.851121727670281 0.34831619166716593 0.7124983151620441 0.16526219822680172 0.648751909483017 0.21353617534295818 0.7873753219912538 0.3965901687833224
0 0.6796875000000002 0.8234375 0.6500000000000001 0.8234375 0.6500000000000001 0.8390625 0.6796875000000002 0.8390625