0 0.389063 0.376563 0.284375 0.376563 0.284375 0.492188 0.389063 0.492188
0 0.572274 0.719784 0.536552 0.717683 0.535598 0.733895 0.571320 0.735997
0 0.453125 0.359375 0.426563 0.332813 0.406250 0.353125 0.432812 0.379688
0 0.352027 0.423484 0.308246 0.419106 0.305724 0.444322 0.349505 0.448700
0 0.043437 0.786875 0.033750 0.767500 0.013750 0.777500 0.023437 0.796875
0 0.397833 0.785775 0.370371 0.770519 0.357031 0.794531 0.384493 0.809788
0 0.467096 0.266937 0.423215 0.246459 0.414433 0.265277 0.458314 0.285755
0 0.438281 0.533594 0.416719 0.526406 0.407969 0.552656 0.429531 0.559844
0 0.404063 0.549688 0.351562 0.523438 0.338438 0.549687 0.390938 0.575937
0 0.508732 0.970864 0.482996 0.955423 0.477206 0.965074 0.502941 0.980515
0 0.414250 0.273188 0.377950 0.266588 0.373925 0.288725 0.410225 0.295325
0 0.046783 0.883180 0.003033 0.872243 0.000000 0.884375 0.043750 0.895312
0 0.603125 0.493750 0.564063 0.493750 0.564063 0.515625 0.603125 0.515625
0 0.289655 0.631950 0.272495 0.624596 0.264089 0.644208 0.281250 0.651563
0 0.023137 0.579627 0.000000 0.575000 0.000000 0.590925 0.019952 0.595553
0 0.088741 0.580744 0.052665 0.559099 0.043842 0.573805 0.079917 0.595450
0 0.536287 0.364835 0.512629 0.359577 0.508290 0.379099 0.531949 0.384357
0 0.036875 0.709063 0.006875 0.694063 0.000000 0.716562 0.025625 0.731563
0 0.348437 0.523438 0.325781 0.500781 0.312500 0.514062 0.335156 0.536719
0 0.096750 0.824313 0.074250 0.794313 0.056750 0.807438 0.079250 0.837438
0 0.003125 0.757812 0.000000 0.757812 0.000000 0.787500 0.003125 0.787500
0 0.435865 0.224652 0.419770 0.197061 0.390236 0.214289 0.406331 0.241880
0 0.380625 0.439375 0.352813 0.383750 0.325313 0.397500 0.353125 0.453125
0 0.512620 0.299038 0.428245 0.242788 0.409736 0.270553 0.494111 0.326803
0 0.281801 0.714706 0.264338 0.704228 0.251930 0.724908 0.269393 0.735386
0 0.287408 0.608180 0.266820 0.603033 0.262224 0.621415 0.282813 0.626563
0 0.330625 0.634062 0.324062 0.614375 0.303906 0.621094 0.310469 0.640781
0 0.023438 0.553125 0.000000 0.553125 0.000000 0.568750 0.023438 0.568750
0 0.046875 0.829688 0.017188 0.829688 0.017188 0.848437 0.046875 0.848437
0 0.267188 0.907813 0.235938 0.907813 0.235938 0.921875 0.267188 0.921875
0 0.104928 0.658173 0.086659 0.630769 0.061418 0.647596 0.079688 0.675000
0 0.365343 0.295277 0.335600 0.269500 0.306163 0.303466 0.335906 0.329243
0 0.656734 0.043227 0.622533 0.040784 0.621558 0.054442 0.655758 0.056885
0 0.380763 0.492853 0.366035 0.475179 0.347439 0.490676 0.362167 0.508350
0 0.535018 0.479136 0.529044 0.455239 0.494118 0.463971 0.500092 0.487868
0 0.339407 0.894166 0.313460 0.886382 0.304515 0.916198 0.330462 0.923982
0 0.097500 0.612187 0.064219 0.601094 0.057813 0.620313 0.091094 0.631406
0 0.359926 0.630607 0.347059 0.627390 0.344945 0.635846 0.357813 0.639062
0 0.314063 0.439063 0.294531 0.419531 0.264844 0.449219 0.284375 0.468750
0 0.451923 0.550240 0.441466 0.543269 0.434495 0.553726 0.444952 0.560697
0 0.532813 0.432812 0.496875 0.432812 0.496875 0.481250 0.532813 0.481250
0 0.517264 0.099123 0.494588 0.080983 0.485290 0.092607 0.507965 0.110747
0 0.285938 0.604688 0.264063 0.604688 0.264063 0.648438 0.285938 0.648438
0 0.440356 0.456358 0.402074 0.439952 0.394235 0.458244 0.432516 0.474650
0 0.480313 0.362813 0.418438 0.331875 0.404687 0.359375 0.466563 0.390313
0 0.109617 0.086934 0.100000 0.082813 0.095312 0.093750 0.104930 0.097872
0 0.479327 0.365385 0.454808 0.349038 0.446394 0.361659 0.470913 0.378005
0 0.307031 0.949219 0.297656 0.939844 0.282031 0.955469 0.291406 0.964844
0 0.072813 0.870625 0.046813 0.851125 0.038000 0.862875 0.064000 0.882375
0 0.513087 0.296905 0.452248 0.268826 0.441227 0.292706 0.502066 0.320785
0 0.592308 0.167788 0.572115 0.154327 0.543750 0.196875 0.563942 0.210337
0 0.572656 0.360156 0.559375 0.346875 0.550781 0.355469 0.564062 0.368750
0 0.517188 0.521875 0.479687 0.521875 0.479687 0.543750 0.517188 0.543750
0 0.451562 0.154688 0.419531 0.122656 0.402344 0.139844 0.434375 0.171875
0 0.615625 0.157813 0.589063 0.157813 0.589063 0.171875 0.615625 0.171875
