0 0.642188 0.660937 0.559375 0.660937 0.559375 0.759375 0.642188 0.759375
0 0.367188 0.107813 0.348438 0.107813 0.348438 0.118750 0.367188 0.118750
0 0.970854 0.917159 0.857578 0.834562 0.799621 0.914047 0.912897 0.996643
0 0.710601 0.374808 0.696130 0.366538 0.690168 0.376971 0.704639 0.385240
0 0.725240 0.920673 0.708173 0.895072 0.688341 0.908293 0.705409 0.933894
0 0.524812 0.287750 0.517812 0.238750 0.461812 0.246750 0.468812 0.295750
0 0.854116 0.566900 0.776096 0.492131 0.716645 0.554167 0.794665 0.628937
0 0.693695 0.765237 0.624892 0.724581 0.598483 0.769274 0.667286 0.809930
0 0.675000 0.892188 0.645313 0.892188 0.645313 0.910937 0.675000 0.910937
0 0.629063 0.649687 0.611875 0.598125 0.537344 0.622969 0.554531 0.674531
0 0.901181 0.367993 0.815974 0.357665 0.812490 0.386410 0.897697 0.396738
0 0.812510 0.741687 0.675096 0.697360 0.653374 0.764697 0.790788 0.809025
0 0.387500 0.331250 0.353125 0.331250 0.353125 0.357813 0.387500 0.357813
0 0.475000 0.106250 0.440625 0.106250 0.440625 0.139063 0.475000 0.139063
0 0.717188 0.812500 0.696875 0.812500 0.696875 0.837500 0.717188 0.837500
0 0.210037 0.471612 0.204113 0.439025 0.160663 0.446925 0.166587 0.479512
0 0.264063 0.398438 0.245313 0.398438 0.245313 0.409375 0.264063 0.409375
0 0.606476 0.390345 0.537896 0.351583 0.488570 0.438852 0.557150 0.477615
0 0.580074 0.481857 0.560386 0.477482 0.556489 0.495018 0.576176 0.499393
0 0.778033 0.501930 0.721048 0.487684 0.713327 0.518566 0.770312 0.532813
0 0.935274 0.460357 0.931229 0.399689 0.822027 0.406969 0.826072 0.467637
0 0.534907 0.627368 0.503705 0.615367 0.496376 0.634423 0.527577 0.646424
0 0.565625 0.559375 0.554688 0.548438 0.542969 0.560156 0.553906 0.571094
0 0.309375 0.542188 0.281250 0.542188 0.281250 0.575000 0.309375 0.575000
0 0.231915 0.482410 0.177150 0.476934 0.173979 0.508648 0.228744 0.514124
0 1.000000 0.455063 0.974500 0.398813 0.926250 0.435000 0.968438 0.491250
0 0.431288 0.144093 0.397462 0.136845 0.393780 0.154024 0.427607 0.161273
0 0.740444 0.873118 0.717308 0.852296 0.707674 0.863001 0.730810 0.883823
0 0.829688 0.840625 0.804688 0.840625 0.804688 0.860938 0.829688 0.860938
0 0.681845 0.522425 0.666361 0.451199 0.597405 0.466189 0.612889 0.537415
0 0.679874 0.190261 0.558576 0.181895 0.555773 0.222543 0.677071 0.230908
0 0.735938 0.376563 0.710938 0.376563 0.710938 0.401563 0.735938 0.401563
0 0.342187 0.228125 0.284375 0.228125 0.284375 0.254688 0.342187 0.254688
0 0.464844 0.699219 0.433594 0.692969 0.430589 0.707993 0.461839 0.714243
0 0.560998 0.840325 0.545373 0.837200 0.542188 0.853125 0.557813 0.856250
0 0.695614 0.815555 0.622276 0.791982 0.613383 0.819648 0.686721 0.843221
0 0.271193 0.532987 0.210232 0.528633 0.208471 0.553284 0.269432 0.557638
0 0.498181 0.306137 0.406512 0.303082 0.404818 0.353911 0.496487 0.356966
0 0.819026 0.838603 0.814890 0.822059 0.795037 0.827022 0.799173 0.843566
0 0.998437 0.784375 0.992188 0.784375 0.992188 0.800000 0.998437 0.800000
0 0.399226 0.314140 0.397587 0.297741 0.372525 0.300248 0.374165 0.316646
0 1.000000 0.180843 0.774082 0.000000 0.628068 0.087329 0.889973 0.335153
0 0.933458 0.480662 0.786812 0.436669 0.765310 0.508343 0.911955 0.552337
0 0.806875 0.587813 0.762500 0.565625 0.749375 0.591875 0.793750 0.614063
0 0.710938 0.846875 0.668750 0.846875 0.668750 0.887500 0.710938 0.887500
0 0.698985 0.882361 0.669990 0.869475 0.662581 0.886147 0.691575 0.899034
0 0.410313 0.519063 0.390156 0.512344 0.386406 0.523594 0.406563 0.530313
0 0.752316 0.559890 0.646765 0.536434 0.637500 0.578125 0.743051 0.601581
0 0.939926 0.431535 0.895238 0.383122 0.863828 0.412116 0.908516 0.460528
0 0.745091 0.919915 0.731162 0.894841 0.718028 0.902137 0.731958 0.927211
0 0.510251 0.182587 0.473970 0.177005 0.466817 0.223501 0.503098 0.229082
0 0.260589 0.477320 0.213786 0.464555 0.208774 0.482933 0.255577 0.495697
0 0.265313 0.075625 0.251562 0.068750 0.245937 0.080000 0.259688 0.086875
0 0.846495 0.805405 0.822171 0.801351 0.819679 0.816301 0.844003 0.820355
0 0.885938 0.975000 0.764063 0.975000 0.764063 0.998437 0.885938 0.998437
0 0.613750 0.583437 0.598437 0.537500 0.578281 0.544219 0.593594 0.590156
0 0.998437 0.671875 0.992188 0.671875 0.992188 0.717188 0.998437 0.717188
0 0.896261 0.105555 0.861859 0.100262 0.858354 0.123040 0.892757 0.128333
0 0.380028 0.264341 0.378233 0.246395 0.342187 0.250000 0.343982 0.267946
0 0.737500 0.903125 0.470313 0.903125 0.470313 0.998437 0.737500 0.998437
0 0.519485 0.777941 0.515625 0.762500 0.474816 0.772702 0.478676 0.788143
0 0.546599 0.311397 0.490993 0.278033 0.471140 0.311121 0.526746 0.344485
0 0.680469 0.861719 0.664844 0.846094 0.645312 0.865625 0.660937 0.881250
0 0.797969 0.414219 0.788594 0.386094 0.754844 0.397344 0.764219 0.425469
0 0.323558 0.211538 0.297957 0.194471 0.288101 0.209255 0.313702 0.226322
0 0.670074 0.711105 0.606685 0.641159 0.509929 0.728844 0.573318 0.798790
0 0.764063 0.690625 0.743750 0.670313 0.719531 0.694531 0.739844 0.714844
0 0.868012 0.753275 0.819888 0.744525 0.814512 0.774088 0.862637 0.782838
0 0.578295 0.620452 0.572803 0.565532 0.526702 0.570142 0.532194 0.625062
0 0.671363 0.935323 0.646004 0.904892 0.626332 0.921286 0.651691 0.951716
0 0.392408 0.060368 0.368851 0.045377 0.360938 0.057813 0.384494 0.072803
2 0.309375 0.542188 0.281250 0.542188 0.281250 0.575000 0.309375 0.575000
2 0.271056 0.532672 0.210054 0.529084 0.208615 0.553540 0.269617 0.557128
2 0.392408 0.060368 0.368851 0.045377 0.360938 0.057813 0.384494 0.072803
