0 0.625 0.55 0.540625 0.55 0.540625 0.634375 0.625 0.634375
0 0.221875 0.14062500000000006 0.196875 0.14062500000000006 0.196875 0.17656250000000004 0.221875 0.17656250000000004
0 0.9112500000000001 0.5584375 0.9053125000000002 0.5465625 0.8828125 0.5578124999999999 0.8887500000000003 0.5696875
0 0.5000000000000001 0.2421875 0.48968750000000005 0.22156250000000002 0.4565625 0.238125 0.46687500000000004 0.25875000000000004
0 0.3969594594594595 0.7323057432432433 0.38777449324324326 0.7194467905405405 0.36959459459459465 0.7324324324324324 0.3787795608108109 0.745291385135135
0 0.44299640486725667 0.24963357300884953 0.4408047566371681 0.21675884955752206 0.3990113384955752 0.21954507743362822 0.40120298672566373 0.2524198008849557
0 0.8481249999999999 0.4556250000000001 0.8364062499999999 0.4517187500000001 0.8265625 0.48125000000000007 0.83828125 0.48515625000000007
0 0.6380048076923076 0.6372115384615386 0.6313701923076923 0.6256009615384617 0.6015865384615384 0.6426201923076925 0.6082211538461537 0.6542307692307693
0 0.1312500000000001 0.7203125 0.10000000000000009 0.7203125 0.10000000000000009 0.7421875 0.1312500000000001 0.7421875
0 0.12422794117647067 0.9003492647058822 0.10536764705882362 0.8961580882352939 0.10220588235294129 0.9103860294117645 0.12106617647058833 0.9145772058823528
0 0.9453125 0.5953125000000001 0.921875 0.5953125000000001 0.921875 0.6296875000000002 0.9453125 0.6296875000000002
0 0.819891826923077 0.7275841346153846 0.8168269230769232 0.7122596153846155 0.7867788461538463 0.7182692307692309 0.7898437500000001 0.73359375
0 0.3165625 0.826875 0.3096875 0.8131250000000001 0.2884375 0.8237500000000001 0.29531250000000003 0.8375
0 0.7349759615384616 0.33112980769230765 0.7278846153846155 0.2956730769230769 0.6653846153846154 0.3081730769230769 0.6724759615384615 0.3436298076923076
0 0.6139423076923076 0.8334134615384615 0.6040865384615384 0.8186298076923076 0.5770432692307692 0.8366586538461538 0.5868990384615385 0.8514423076923077
0 0.5705933988764045 0.46544943820224727 0.5601474719101123 0.44873595505617986 0.5244733146067416 0.47103230337078655 0.5349192415730337 0.487745786516854
0 0.578125 0.028125000000000067 0.5546875 0.028125000000000067 0.5546875 0.03750000000000007 0.578125 0.03750000000000007
0 0.4246875 0.7271875000000001 0.40531249999999996 0.7175 0.39468749999999997 0.7387500000000001 0.4140625 0.7484375000000001
0 0.34099897540983604 0.1403637295081968 0.312561475409836 0.07536372950819678 0.27379098360655724 0.0923258196721312 0.3022284836065573 0.15732581967213122
0 0.7085937500000001 0.6226562500000002 0.6945312499999999 0.60859375 0.6734375 0.6296875 0.6875000000000002 0.6437500000000002
0 0.15500000000000003 0.7209375000000001 0.13671875000000008 0.7148437500000002 0.13250000000000012 0.7275 0.15078125000000003 0.73359375
0 0.4859375000000001 0.6171875000000001 0.4718750000000001 0.6031250000000001 0.45 0.6250000000000002 0.4640625 0.6390625000000002
0 0.5077868852459017 0.9247182377049181 0.37352459016393447 0.9178329918032787 0.37104918032786893 0.9661034836065573 0.505311475409836 0.9729887295081967
0 0.10260724852071008 0.6340698964497042 0.08462463017751483 0.5909116124260356 0.061880547337278144 0.6003883136094675 0.0798631656804734 0.6435465976331362
0 0.5296875000000002 0.878125 0.5109375000000002 0.878125 0.5109375000000002 0.8890625 0.5296875000000002 0.8890625
0 0.62734375 0.57734375 0.5953125000000001 0.5453125000000001 0.53828125 0.6023437500000002 0.5703124999999999 0.6343750000000001
0 0.5655625 0.8230000000000001 0.5630625 0.8055000000000001 0.5260937499999999 0.8107812500000001 0.52859375 0.8282812500000001
0 0.30637019230769236 0.9302884615384615 0.3006490384615385 0.9229326923076921 0.2836658653846154 0.936141826923077 0.2893870192307692 0.9434975961538461
0 0.68125 0.25000000000000006 0.6740625 0.23562499999999997 0.6528125000000001 0.24624999999999994 0.66 0.260625
0 0.5234375 0.6375000000000002 0.50546875 0.6195312500000002 0.47734375 0.6476562500000002 0.4953125 0.6656250000000001
0 0.0015625000000000437 0.3421875 4.190588265832349e-17 0.3421875 4.4010744344358005e-17 0.3765625 0.0015625000000000458 0.3765625
0 0.5890625 0.08437500000000006 0.5390625 0.08437500000000006 0.5390625 0.13906250000000006 0.5890625 0.1390625000000001
0 0.508639705882353 0.8138786764705884 0.47738970588235297 0.8060661764705884 0.47343750000000007 0.821875 0.5046875000000001 0.8296875
0 0.4400735294117647 0.4790441176470589 0.4346507352941177 0.45735294117647063 0.40560661764705885 0.46461397058823534 0.41102941176470587 0.48630514705882355
0 0.17500000000000002 0.809375 0.17208614864864866 0.7918918918918918 0.1421875 0.7968749999999999 0.14510135135135135 0.8143581081081083
0 0.890625 0.36406250000000007 0.8751201923076923 0.3537259615384617 0.8525240384615383 0.3876201923076924 0.868028846153846 0.3979567307692308
0 0.5481250000000001 0.16312500000000002 0.5325625 0.14237499999999997 0.48656249999999995 0.176875 0.502125 0.19762500000000005
0 0.059159482758620686 0.46508620689655167 0.04838362068965516 0.4381465517241379 0.035991379310344795 0.4431034482758621 0.04676724137931032 0.4700431034482759
0 0.5015625 0.7453125 0.4964062499999999 0.7298437499999999 0.47296875 0.7376562499999999 0.478125 0.753125
0 0.47609913793103453 0.753814655172414 0.46356142241379317 0.7432058189655175 0.43961745689655185 0.7715032327586208 0.4521551724137932 0.7821120689655174
0 0.5346507352941177 0.6807904411764705 0.5301470588235294 0.6627757352941176 0.4988970588235295 0.6705882352941176 0.5034007352941178 0.6886029411764705
0 0.35631807572614116 0.3660755964730292 0.2947873443983403 0.33045254149377606 0.28266338174273864 0.3513939315352698 0.3441941130705395 0.3870169865145229
0 0.565625 0.6640625000000001 0.5606249999999999 0.6490625000000001 0.538125 0.6565624999999999 0.543125 0.6715625000000001
0 0.4625 0.2984375000000001 0.421875 0.2984375000000001 0.421875 0.3421875000000001 0.4625 0.3421875000000001
0 0.75375 0.5684375000000002 0.7484375000000001 0.5578125 0.7296875 0.5671875000000001 0.7350000000000001 0.5778125000000001
0 0.32192332474226804 0.8036243556701033 0.31593105670103083 0.7901417525773196 0.28577641752577315 0.8035438144329896 0.29176868556701036 0.8170264175257733
0 0.38609913793103445 0.5074353448275862 0.37661637931034486 0.4837284482758621 0.3294719827586207 0.5025862068965518 0.3389547413793103 0.5262931034482758
0 0.5129834254143647 0.6013725828729283 0.5118266574585636 0.5793939917127072 0.4553219958563536 0.5823679212707182 0.4564787638121547 0.6043465124309393
0 0.8634503865979382 0.5103414948453608 0.8532699742268042 0.48743556701030943 0.8276095360824742 0.4988402061855671 0.8377899484536082 0.5217461340206186
0 0.10546875000000014 0.6960937500000001 0.08984375000000008 0.68046875 0.08046875 0.6898437500000002 0.09609375000000005 0.7054687500000002
0 0.7962626689189188 0.7002322635135136 0.7811866554054053 0.6894636824324325 0.7524704391891891 0.7296663851351353 0.7675464527027026 0.7404349662162163
0 0.5900128865979382 0.6693460051546394 0.5659471649484537 0.6586501288659795 0.5576353092783506 0.6773518041237114 0.5817010309278351 0.6880476804123713
0 0.35204326923076923 0.41646634615384615 0.34603365384615387 0.3864182692307693 0.30006009615384616 0.39561298076923085 0.3060697115384615 0.4256610576923078
0 0.53125 0.6984375 0.45625 0.6984375 0.45625 0.725 0.53125 0.725
0 0.3721283783783784 0.20941722972972981 0.34349662162162165 0.20464527027027035 0.34045608108108105 0.22288851351351355 0.3690878378378379 0.22766047297297304
0 0.3828125000000001 0.95625 0.3593750000000001 0.95625 0.3593750000000001 0.990625 0.3828125000000001 0.990625
0 0.775625 0.7456250000000001 0.7618750000000001 0.7387500000000001 0.7371875000000001 0.7881250000000002 0.7509375 0.7950000000000002
0 0.5546875000000002 0.759375 0.5250000000000001 0.759375 0.5250000000000001 0.7734375 0.5546875000000002 0.7734375
0 0.5343750000000002 0.7390625 0.5109375000000002 0.7390625 0.5109375000000002 0.7515625 0.5343750000000002 0.7515625
0 0.41999999999999993 0.38031250000000005 0.40374999999999994 0.3721875 0.3940625 0.39156250000000004 0.41031249999999997 0.3996875000000001
0 0.35427389705882345 0.6741268382352941 0.3356617647058823 0.6629595588235294 0.3236672794117647 0.6829503676470589 0.34227941176470583 0.6941176470588235
0 0.11260245901639351 0.652689549180328 0.10307377049180336 0.6447489754098361 0.08988217213114762 0.660578893442623 0.09941086065573779 0.6685194672131148
0 0.8229497832369944 0.6172326589595377 0.8041636560693644 0.6143424855491331 0.7982749277456648 0.6526192196531793 0.8170610549132948 0.6555093930635839
0 0.915625 0.5875000000000001 0.8984375 0.5875000000000001 0.8984375 0.6015625000000002 0.915625 0.6015625000000002
0 0.8881250000000002 0.31531250000000016 0.8796875000000002 0.3125000000000001 0.8739062500000001 0.3298437500000001 0.8823437500000001 0.3326562500000001
0 0.5028124999999999 0.363125 0.4931249999999999 0.33406249999999993 0.46781249999999996 0.3424999999999999 0.47750000000000004 0.37156249999999996
0 0.40178195224719104 0.04261762640449436 0.39835849719101124 0.02778265449438202 0.35225596910112356 0.03842169943820225 0.3556794241573033 0.05325667134831459
0 0.8940450643776824 0.43407322961373396 0.8844957081545063 0.418555525751073 0.8433476394849784 0.4438774141630901 0.8528969957081542 0.45939511802575106
0 0.5184374999999999 0.8990625 0.5153125 0.8896875 0.4890625 0.8984375 0.4921875 0.9078125
0 0.4921875 0.3828125000000001 0.478125 0.3828125000000001 0.478125 0.403125 0.4921875 0.403125
0 0.9046875 0.46093750000000017 0.8734375 0.46093750000000017 0.8734375 0.5078125000000002 0.9046875 0.5078125000000002
0 0.55234375 0.09453125000000004 0.534375 0.07656250000000005 0.51328125 0.09765625000000008 0.53125 0.11562500000000009
0 0.79363125 0.95729375 0.7842375 0.943725 0.7442624999999999 0.9714000000000003 0.7536562499999999 0.9849687500000002
0 0.4903963414634145 0.4870045731707317 0.48104039634146334 0.40280106707317076 0.4352515243902439 0.40788871951219513 0.44460746951219515 0.4920922256097561
0 0.5021139705882355 0.9134191176470589 0.4793198529411766 0.9077205882352942 0.47371323529411774 0.9301470588235295 0.49650735294117665 0.9358455882352942
0 0.3031250000000001 0.99375 0.2906250000000001 0.99375 0.2906250000000001 0.9984375 0.3031250000000001 0.9984375
0 0.49598623853211016 0.07692087155963309 0.40711009174311935 0.050258027522935844 0.3702121559633028 0.17325114678899092 0.4590883027522937 0.19991399082568817
0 0.6327362804878047 0.7272484756097561 0.620998475609756 0.7125762195121953 0.561547256097561 0.7601371951219513 0.5732850609756097 0.7748094512195122
0 0.21844951923076925 0.24224759615384617 0.21514423076923078 0.22572115384615382 0.19981971153846154 0.2287860576923077 0.203125 0.24531250000000004
0 0.865089897260274 0.5324272260273973 0.8598244863013698 0.5183861301369863 0.8307148972602739 0.5293022260273973 0.835980308219178 0.5433433219178083
0 0.7298141891891892 0.5601351351351351 0.7277871621621622 0.5479729729729731 0.7032094594594596 0.5520692567567569 0.7052364864864866 0.5642314189189189
0 0.39968750000000003 0.6775000000000001 0.3828125 0.64375 0.3521875 0.6590625 0.36906250000000007 0.6928125000000002
0 0.6047596153846154 0.8162019230769229 0.6023317307692307 0.7967788461538461 0.5723317307692307 0.8005288461538461 0.5747596153846153 0.819951923076923
0 0.9285110294117647 0.31841911764705894 0.9065257352941177 0.3167279411764707 0.9038235294117648 0.35185661764705894 0.9258088235294117 0.3535477941176472
0 0.5531250000000002 0.9015625000000002 0.54453125 0.8929687500000002 0.525 0.9125000000000002 0.5335937500000001 0.9210937500000004