0 0.5140625 0.45 0.45 0.45 0.45 0.5 0.5140625 0.5
0 0.5135135135135136 0.403293918918919 0.48792229729729747 0.39902871621621633 0.48243243243243256 0.43196790540540564 0.5080236486486487 0.4362331081081082
0 0.29765625000000007 0.4648437500000001 0.2540625 0.45031250000000006 0.23843750000000002 0.49718750000000006 0.28203125000000007 0.5117187500000001
0 0.434812898089172 0.48726114649681546 0.42107882165605093 0.46208200636942687 0.37378582802547766 0.48787818471337585 0.38751990445859874 0.5130573248407645
0 0.8046875 0.43750000000000017 0.771875 0.43750000000000017 0.771875 0.4750000000000002 0.8046875 0.4750000000000002
0 0.5647741336633665 0.46944616336633666 0.5346070544554455 0.4664294554455446 0.5314820544554456 0.4976794554455447 0.5616491336633664 0.5006961633663367
0 0.809375 0.3500000000000001 0.7609375 0.3500000000000001 0.7609375 0.41406250000000017 0.809375 0.41406250000000017
0 0.85625 0.4468750000000002 0.8265625 0.4468750000000002 0.8265625 0.4781250000000002 0.85625 0.4781250000000002
0 0.969291962474645 0.5679006085192699 0.9381940922920894 0.5636599898580124 0.928733519269777 0.6330375253549697 0.9598313894523326 0.6372781440162273
0 0.7453125 0.4781250000000002 0.709375 0.4781250000000001 0.709375 0.5093750000000001 0.7453125 0.5093750000000001
0 0.5161298076923078 0.5112259615384616 0.4942548076923078 0.4987259615384616 0.4833894230769231 0.5177403846153847 0.5052644230769231 0.5302403846153847
0 0.21503232758620694 0.45226293103448284 0.16465517241379313 0.43211206896551735 0.1479525862068966 0.4738685344827586 0.1983297413793104 0.4940193965517242
0 0.59375 0.5796875 0.5703125 0.5796875 0.5703125 0.6140625 0.59375 0.6140625
0 0.2998475609756097 0.3513719512195122 0.26890243902439026 0.3126905487804878 0.2469893292682927 0.33022103658536583 0.27793445121951216 0.36890243902439024
0 0.7078125 0.5890625 0.6765625 0.5890625 0.6765625 0.64375 0.7078125 0.64375
0 0.7895367647058823 0.5603970588235294 0.7724227941176471 0.5531911764705884 0.749952205882353 0.6065588235294118 0.7670661764705882 0.613764705882353
0 0.7236469072164949 0.5983569587628867 0.6660921391752578 0.5727770618556702 0.6443137886597939 0.621778350515464 0.701868556701031 0.6473582474226806
0 0.55546875 0.46484375 0.5425 0.4259375 0.52046875 0.43328125 0.5334375 0.4721875
0 0.5726562500000001 0.5257812500000001 0.5554687500000001 0.5085937500000001 0.5296875 0.5343750000000002 0.546875 0.5515625000000002
0 0.565989721485411 0.4979069960212201 0.5524991710875331 0.425058023872679 0.5226769728116711 0.4305806531830238 0.5361675232095491 0.503429625331565
0 0.6943018922018348 0.5411625573394496 0.6676533830275229 0.5268133600917432 0.6428684059633027 0.5728426032110093 0.6695169151376146 0.5871918004587157
0 0.7421303353658535 0.5588605182926829 0.740015243902439 0.5398246951219512 0.7142911585365853 0.5426829268292682 0.7164062499999999 0.5617187499999999
0 0.8873114224137932 0.5592941810344829 0.8454471982758619 0.5413523706896554 0.8313038793103447 0.5743534482758622 0.873168103448276 0.5922952586206899
0 0.471875 0.496875 0.4515625 0.496875 0.4515625 0.5203125 0.471875 0.5203125
0 0.3306066176470589 0.3771139705882353 0.30562500000000004 0.3715625 0.29654411764705885 0.41242647058823534 0.3215257352941177 0.4179779411764706
0 0.38640625 0.5310937499999999 0.36859374999999994 0.4776562499999999 0.3320312499999999 0.4898437499999999 0.34984374999999995 0.5432812499999999
0 0.33442268850987433 0.49937724416517054 0.3096919883303412 0.48115462298025136 0.2759565754039498 0.5269383976660682 0.30068727558348296 0.5451610188509874
0 0.5167345787362085 0.43957967652958885 0.4552767678034103 0.42768461634904725 0.4447921890672017 0.48185493981945837 0.50625 0.49375
0 0.5996228448275862 0.42015086206896557 0.5843211206896551 0.381896551724138 0.5581896551724137 0.39234913793103454 0.5734913793103449 0.4306034482758621
0 0.4897699999999999 0.5725149999999999 0.4741949999999999 0.5191149999999999 0.45295499999999994 0.5253099999999999 0.46853 0.57871
0 0.975 0.45625000000000016 0.9625 0.45625000000000016 0.9625 0.5156250000000002 0.975 0.5156250000000002
0 0.38049508426966294 0.4930828651685394 0.35395014044943823 0.4764922752808989 0.33016151685393264 0.5145540730337078 0.35670646067415734 0.5311446629213483
0 0.4540624999999999 0.36125000000000007 0.426875 0.35218750000000004 0.41015625 0.4023437500000001 0.43734375 0.4114062500000001
0 0.8131859756097561 0.5875762195121952 0.7883193597560976 0.5848132621951221 0.7833841463414635 0.6292301829268294 0.808250762195122 0.6319931402439025
0 0.3514846991701246 0.42997925311203317 0.32999221991701255 0.42424792531120337 0.32120072614107886 0.45721602697095437 0.34269320539419096 0.4629473547717843
0 0.6187500000000001 0.4796875000000001 0.5718750000000001 0.4328125000000001 0.5406250000000001 0.4640625000000001 0.5875000000000001 0.5109375
0 0.17201650943396232 0.47044221698113214 0.153125 0.4531250000000001 0.13029481132075477 0.47803066037735853 0.14918632075471708 0.4953478773584906
0 0.28569256756756756 0.39103040540540535 0.2552787162162163 0.3816722972972973 0.23646114864864867 0.44282939189189185 0.26687500000000003 0.45218749999999996