0 0.806250 0.493750 0.750000 0.493750 0.750000 0.532813 0.806250 0.532813
0 0.652094 0.307219 0.620812 0.302750 0.617656 0.324844 0.648937 0.329313
0 0.695656 0.391344 0.656500 0.385750 0.654281 0.401281 0.693438 0.406875
0 0.727344 0.221094 0.715625 0.209375 0.692187 0.232813 0.703906 0.244531
0 0.623437 0.514062 0.598437 0.514062 0.598437 0.537500 0.623437 0.537500
0 0.739062 0.304688 0.706813 0.280500 0.689000 0.304250 0.721250 0.328438
0 0.834175 0.521865 0.809180 0.464734 0.738361 0.495717 0.763356 0.552848
0 0.178125 0.545312 0.145313 0.545312 0.145313 0.565625 0.178125 0.565625
0 0.446599 0.612960 0.440074 0.586857 0.420956 0.591636 0.427482 0.617739
0 0.357031 0.213281 0.337711 0.186233 0.324261 0.195840 0.343581 0.222889
0 0.756250 0.651563 0.707812 0.651563 0.707812 0.692188 0.756250 0.692188
0 0.596875 0.250000 0.543750 0.250000 0.543750 0.267188 0.596875 0.267188
0 0.818283 0.189604 0.812554 0.163416 0.737717 0.179787 0.743446 0.205975
0 0.274422 0.453104 0.251648 0.444563 0.245869 0.459974 0.268643 0.468515
0 0.709375 0.814063 0.685938 0.814063 0.685938 0.870313 0.709375 0.870313
0 0.394813 0.359750 0.374469 0.356844 0.372594 0.369969 0.392938 0.372875
0 0.197705 0.395257 0.174475 0.374931 0.166247 0.384334 0.189477 0.404660
0 0.795377 0.705463 0.792360 0.669256 0.769601 0.671153 0.772619 0.707360
0 0.548101 0.926130 0.475986 0.917115 0.472740 0.943077 0.544856 0.952091
0 0.279688 0.826562 0.259375 0.826562 0.259375 0.839063 0.279688 0.839063
0 0.416486 0.842752 0.406654 0.821448 0.354436 0.845549 0.364268 0.866852
0 0.291505 0.356424 0.264300 0.354481 0.263420 0.366807 0.290625 0.368750
0 0.386779 0.723918 0.379327 0.712740 0.358413 0.726683 0.365865 0.737861
0 0.712831 0.907426 0.702537 0.898603 0.688199 0.915331 0.698493 0.924154
0 0.543594 0.366719 0.538281 0.350781 0.493750 0.365625 0.499062 0.381562
0 0.701508 0.229923 0.689811 0.217494 0.642924 0.261623 0.654622 0.274051
0 0.344383 0.431926 0.341892 0.416976 0.310473 0.422213 0.312965 0.437162
0 0.494688 0.977813 0.465938 0.963438 0.454688 0.985938 0.483438 1.000000
0 0.324031 0.631781 0.304781 0.629031 0.301594 0.651344 0.320844 0.654094
0 0.132031 0.674219 0.118750 0.660938 0.098438 0.681250 0.111719 0.694531
0 0.035938 0.895312 0.018750 0.895312 0.018750 0.923438 0.035938 0.923438
0 0.814125 0.206688 0.801375 0.197125 0.777562 0.228875 0.790312 0.238438
0 0.592031 0.946406 0.580000 0.910313 0.562656 0.916094 0.574687 0.952187
0 0.756843 0.464763 0.751994 0.452640 0.724246 0.463739 0.729095 0.475862
0 0.664063 0.696875 0.628125 0.696875 0.628125 0.729688 0.664063 0.729688
0 0.836350 0.246993 0.823157 0.223246 0.793175 0.239903 0.806368 0.263650
0 0.664230 0.806509 0.635431 0.762001 0.609063 0.779063 0.637862 0.823571
0 0.640625 0.089063 0.635156 0.072656 0.600938 0.084063 0.606406 0.100469
0 0.579519 0.544764 0.552660 0.540287 0.546368 0.578041 0.573226 0.582517
0 0.484375 0.187500 0.470000 0.158750 0.453750 0.166875 0.468125 0.195625
0 0.533361 0.897044 0.507644 0.878674 0.495925 0.895080 0.521643 0.913450
0 0.549531 0.734219 0.505469 0.719531 0.488125 0.771563 0.532188 0.786250
0 0.270313 0.253125 0.248438 0.253125 0.248438 0.267188 0.270313 0.267188
0 0.651563 0.910937 0.620313 0.910937 0.620313 0.929688 0.651563 0.929688
0 0.620797 0.298869 0.613470 0.280550 0.575216 0.295851 0.582543 0.314170
0 0.640781 0.146406 0.618281 0.138906 0.609687 0.164688 0.632188 0.172188
0 0.313750 0.774375 0.305000 0.756875 0.285625 0.766562 0.294375 0.784063
0 0.600625 0.897187 0.588750 0.861563 0.558281 0.871719 0.570156 0.907344
0 0.373438 0.453125 0.356250 0.435938 0.333594 0.458594 0.350781 0.475781
0 0.562500 0.109375 0.542188 0.109375 0.542188 0.132813 0.562500 0.132813
0 0.460156 0.930469 0.439844 0.910156 0.426563 0.923438 0.446875 0.943750
0 0.763221 0.620793 0.756888 0.605594 0.721496 0.620340 0.727829 0.635540
0 0.457813 0.839063 0.432813 0.839063 0.432813 0.865625 0.457813 0.865625
0 0.530889 0.086178 0.520312 0.070312 0.484615 0.094111 0.495192 0.109976
