3 0.6935619627507166 0.8806769340974213 0.6761550859598854 0.8758416905444125 0.6612240329512893 0.9295934813753582 0.6786309097421205 0.934428724928367
3 0.16727941176470587 0.3933823529411765 0.1560378959276018 0.3619061085972851 0.12089932126696831 0.37445559954751134 0.13214083710407237 0.4059318438914027
3 0.37840163934426235 0.6428944672131148 0.3170081967213115 0.6160348360655739 0.28103995901639345 0.6982479508196722 0.3424334016393443 0.7251075819672131
3 0.3109375 0.340625 0.2703125 0.340625 0.27031250000000007 0.3671875 0.31093750000000003 0.3671875
3 0.58125 0.10000000000000009 0.5515625 0.10000000000000009 0.5515625 0.11562500000000009 0.58125 0.11562500000000009
3 0.14304956896551724 0.663469827586207 0.1374730603448276 0.650457974137931 0.11408943965517246 0.6604795258620689 0.1196659482758621 0.6734913793103449
3 0.3629567307692308 0.1995913461538462 0.3340144230769231 0.18305288461538466 0.3214182692307692 0.2050961538461539 0.3503605769230769 0.22163461538461546
3 0.3900364721485412 0.3348267572944298 0.34357592838196294 0.32504559018567647 0.3393153183023873 0.34528348806366055 0.38577586206896564 0.35506465517241387
3 0.225 0.2421875 0.18750000000000006 0.2421875 0.18750000000000006 0.2703125 0.225 0.2703125
3 0.4 0.3046875000000001 0.38749999999999996 0.2921875 0.36953125 0.31015625 0.38203125 0.3226562500000001
3 0.6090517241379311 0.1554418103448276 0.6044181034482758 0.14385775862068967 0.5804418103448276 0.15344827586206894 0.5850754310344828 0.1650323275862069
3 0.38673986486486484 0.2545608108108109 0.29451013513513513 0.2391891891891893 0.2897381756756757 0.267820945945946 0.3819679054054054 0.2831925675675676
3 0.010937500000000058 0.475 0.0031250000000000583 0.475 0.003125000000000059 0.490625 0.01093750000000006 0.490625
3 0.5509650735294117 0.551608455882353 0.5291819852941175 0.5153033088235295 0.46576286764705876 0.5533547794117648 0.4875459558823529 0.5896599264705883
3 0.12890625000000008 0.5242187500000001 0.10068750000000011 0.5201875 0.0982500000000001 0.53725 0.12646875000000007 0.5412812500000002
3 0.3241496128318584 0.12161919247787611 0.3231955199115044 0.10730779867256637 0.28409845132743355 0.10991426991150441 0.28505254424778753 0.12422566371681416
3 0.7852370689655173 0.1959051724137931 0.7689655172413794 0.15522629310344827 0.7096982758620689 0.1789331896551724 0.7259698275862069 0.21961206896551727
3 0.7 0.3656250000000001 0.6703125 0.3656250000000001 0.6703125 0.3828125000000001 0.7 0.3828125000000001
3 0.46761762640449434 0.42321804775280897 0.46069171348314597 0.3932057584269663 0.43649929775280893 0.3987886235955057 0.4434252106741573 0.4288009129213483
3 0.340625 0.3375 0.271875 0.3375 0.27187500000000003 0.3765625 0.34062500000000007 0.3765625
3 0.566864224137931 0.22575431034482762 0.5440463362068966 0.21597521551724141 0.5365301724137931 0.23351293103448284 0.5593480603448275 0.24329202586206905
3 0.3671875000000001 0.5953125 0.3281250000000001 0.5953125 0.3281250000000001 0.6375 0.3671875000000001 0.6375
3 0.19729269801980204 0.3708230198019803 0.1745513613861387 0.3685488861386139 0.17272586633663373 0.3868038366336634 0.19546720297029707 0.3890779702970298
3 0.5236250000000001 0.41068750000000015 0.49762500000000004 0.39118750000000013 0.483375 0.41018750000000015 0.5093750000000001 0.42968750000000017
3 0.1636314655172414 0.26357758620689653 0.1546605603448276 0.24264547413793106 0.115625 0.259375 0.12459590517241378 0.28030711206896547
3 0.7625 0.4843750000000001 0.7362500000000001 0.4712500000000001 0.725 0.4937500000000002 0.75125 0.5068750000000002
3 0.5836633663366337 0.13524133663366344 0.5527227722772277 0.13214727722772285 0.5511757425742574 0.1476175742574258 0.5821163366336635 0.15071163366336643
3 0.32101293103448275 0.21034482758620693 0.31411637931034475 0.19310344827586207 0.27262931034482757 0.20969827586206896 0.2795258620689655 0.22693965517241382
3 0.5382196576763485 0.24456690871369302 0.5097251037344399 0.2369683609958507 0.5062500000000001 0.2500000000000001 0.5347445539419087 0.2575985477178424
3 0.38065257352941184 0.8890165441176471 0.3303308823529413 0.8588235294117647 0.3081341911764707 0.8958180147058824 0.35845588235294124 0.9260110294117648
3 0.12187500000000004 0.3453125 0.09062500000000004 0.3453125 0.09062500000000004 0.3734375 0.12187500000000004 0.3734375
3 0.4859375 0.09375000000000007 0.4640625 0.09375000000000007 0.4640625 0.10625000000000004 0.4859375 0.10625000000000004
3 0.8529374999999998 0.09868750000000001 0.8506562499999999 0.08271875000000002 0.8075624999999998 0.08887500000000001 0.8098437499999998 0.10484375000000001
3 0.4890625 0.2734375000000001 0.47421875 0.25859375000000007 0.4609375 0.27187500000000003 0.47578125 0.28671875
3 0.8514547413793103 0.510668103448276 0.8392780172413794 0.48022629310344833 0.7794719827586208 0.5041487068965518 0.7916487068965518 0.5345905172413794
3 0.378404748908297 0.439308133187773 0.3030772379912664 0.42926446506550225 0.3000750545851528 0.4517808406113537 0.3754025655021834 0.46182450873362446
3 0.15887382075471704 0.3306603773584906 0.1242040094339623 0.3207547169811321 0.11795400943396231 0.3426297169811321 0.15262382075471703 0.3525353773584906
3 0.45 0.2531250000000001 0.4078125 0.2531250000000001 0.4078125 0.2890625000000001 0.45 0.2890625000000001
3 0.7109375 0.6859375 0.659375 0.6859375 0.659375 0.7125 0.7109375 0.7125
3 0.36783405172413797 0.15005387931034486 0.36136853448275863 0.13389008620689655 0.3214978448275862 0.1498383620689655 0.32796336206896554 0.16600215517241382
3 0.49034674657534244 0.31279965753424654 0.48520976027397256 0.2991010273972603 0.46397688356164385 0.3070633561643835 0.4691138698630136 0.3207619863013698
3 0.286375762195122 0.24605564024390247 0.25842225609756103 0.24294969512195125 0.25703125000000004 0.2554687500000001 0.284984756097561 0.2585746951219513
3 0.1913114161849711 0.5513367052023121 0.18708453757225435 0.5238619942196532 0.13788836705202312 0.5314306358381502 0.14211524566473988 0.5589053468208093
3 0.342797256097561 0.3382621951219513 0.31072789634146347 0.33469893292682934 0.30636432926829277 0.3739710365853659 0.3384336890243903 0.37753429878048783
3 0.1531250000000001 0.73125 0.1218750000000001 0.73125 0.1218750000000001 0.7625 0.1531250000000001 0.7625
3 0.9265865384615383 0.2970673076923077 0.9243269230769229 0.2789903846153846 0.9010576923076924 0.2818990384615384 0.9033173076923078 0.2999759615384615
3 0.8556455291970805 0.39424041970802937 0.8254105839416059 0.38324589416058413 0.8161040145985403 0.40883895985401486 0.8463389598540149 0.41983348540146004
3 0.33628771551724146 0.4059536637931035 0.3070581896551725 0.39342672413793106 0.29816810344827593 0.4141702586206898 0.3273976293103449 0.42669719827586217
3 0.378125 0.15468750000000003 0.3515625 0.15468750000000003 0.3515625 0.18593750000000003 0.378125 0.18593750000000003
3 0.38890624999999995 0.23484375000000002 0.34906249999999994 0.22156250000000002 0.3420312499999999 0.24265625000000002 0.38187499999999996 0.25593750000000004