0 0.3859375 0.13906250000000003 0.35625 0.13906250000000003 0.35625 0.15625000000000006 0.3859375 0.15625000000000006
0 0.3544669117647059 0.1556801470588236 0.3313051470588235 0.15053308823529415 0.3265625 0.17187500000000006 0.34972426470588236 0.17702205882352948
0 0.4670432692307692 0.5120913461538461 0.4356971153846154 0.5081730769230769 0.4326682692307693 0.5324038461538462 0.4640144230769231 0.5363221153846154
0 0.5394249999999998 0.6503500000000001 0.5140562499999999 0.6137062500000001 0.4779812499999999 0.6386812500000001 0.50335 0.6753250000000002
0 0.5932173263919723 0.8571448195098126 0.5863941368439749 0.7124932010922654 0.3271684353076991 0.7247208285232218 0.3339916248556966 0.8693724469407689
0 0.61453125 0.18578124999999998 0.6118750000000001 0.17781249999999998 0.60109375 0.18140625000000002 0.60375 0.18937500000000002
0 0.3478504335260116 0.44227781791907506 0.34683887283236997 0.43570267341040464 0.32253432080924854 0.4394418352601156 0.32354588150289015 0.446016979768786
0 0.28906249999999994 0.10625000000000004 0.27343749999999994 0.09843750000000002 0.2684375 0.1084375 0.2840625 0.11625000000000003
0 0.37793269230769233 0.1046634615384616 0.35677884615384614 0.10201923076923083 0.3543028846153846 0.12182692307692311 0.3754567307692308 0.12447115384615388
0 0.2921875000000001 0.665625 0.2750000000000001 0.665625 0.2750000000000001 0.6796875 0.2921875000000001 0.6796875
0 0.21321790540540536 0.8871199324324325 0.21030405405405403 0.8696368243243244 0.19028716216216218 0.8729729729729729 0.19320101351351351 0.8904560810810811
0 0.624047256097561 0.1070121951219513 0.6087842987804879 0.10531631097560983 0.6078125000000001 0.1140625000000001 0.6230754573170731 0.11575838414634154
0 0.24087500000000003 0.4841875000000001 0.23018750000000004 0.4699375 0.20168750000000002 0.4913125 0.21237500000000004 0.5055625000000001
0 0.43750000000000017 0.74375 0.4187500000000002 0.74375 0.4187500000000002 0.7578125 0.43750000000000017 0.7578125
0 0.8888786764705884 0.5022977941176473 0.8690257352941174 0.4973345588235295 0.8666360294117645 0.5068933823529412 0.8864889705882353 0.5118566176470589
0 0.453125 0.6171875 0.4328125 0.6171875 0.4328125 0.634375 0.453125 0.634375
0 0.47581249999999997 0.21662499999999998 0.47424999999999995 0.20568749999999997 0.45565625 0.20834374999999997 0.45721875 0.21928124999999996
0 0.5475961538461538 0.1145432692307693 0.5074038461538461 0.10951923076923083 0.503389423076923 0.14163461538461544 0.5435817307692308 0.1466586538461539
0 0.6022500000000001 0.14675 0.5962500000000001 0.13874999999999998 0.58625 0.14625 0.59225 0.15425
0 0.22812500000000008 0.5421875 0.2156250000000001 0.5421875 0.2156250000000001 0.55625 0.22812500000000008 0.55625
0 0.5745192307692307 0.21009615384615396 0.5604567307692309 0.20072115384615402 0.5527644230769231 0.2122596153846156 0.566826923076923 0.2216346153846155
0 0.4864783653846154 0.7254206730769232 0.4681490384615385 0.7217548076923077 0.4653846153846154 0.7355769230769231 0.4837139423076923 0.7392427884615385
0 0.3498798076923078 0.7318509615384615 0.33545673076923077 0.728966346153846 0.33161057692307694 0.7481971153846153 0.3460336538461539 0.7510817307692308
0 0.5890625 0.1531250000000001 0.575 0.1531250000000001 0.575 0.1625000000000001 0.5890625 0.1625000000000001
0 0.5021811006825938 0.6634918941979523 0.47679714163822523 0.6605055460750855 0.4734375 0.6890625 0.4988214590443686 0.6920488481228668
0 0.511499297752809 0.4199613764044944 0.5050912921348314 0.4097085674157304 0.487816011235955 0.42050561797752806 0.4942240168539326 0.4307584269662922
0 0.4859375 0.08125000000000004 0.47890625 0.07421875000000004 0.46875 0.08437500000000005 0.47578125 0.09140625000000005
0 0.5900240384615385 0.26262019230769235 0.5872596153846155 0.24879807692307693 0.5659254807692309 0.2530649038461539 0.5686899038461538 0.2668870192307693
0 0.5296875 0.21875000000000008 0.5125 0.21875000000000008 0.5125 0.2312500000000001 0.5296875 0.2312500000000001
0 0.4921875 0.19062500000000004 0.475 0.19062500000000004 0.475 0.2000000000000001 0.4921875 0.2000000000000001
0 0.5530048076923076 0.4462740384615385 0.5362740384615385 0.4441826923076923 0.534158653846154 0.4611057692307693 0.5508894230769231 0.4631971153846154
0 0.5431277654867256 0.5750414823008851 0.5290790929203539 0.5627488938053099 0.5094303097345133 0.5852046460176992 0.523478982300885 0.5974972345132745
0 0.409375 0.10000000000000005 0.390625 0.10000000000000005 0.390625 0.11093750000000005 0.409375 0.11093750000000005
0 0.26671875000000006 0.49234375000000014 0.2430937500000001 0.48896875000000006 0.2409375000000001 0.5040625000000001 0.2645625000000001 0.5074375000000002
0 0.15789695945945956 0.7448057432432434 0.13686655405405418 0.7413006756756759 0.13386824324324337 0.7592905405405406 0.15489864864864877 0.7627956081081082
0 0.5565865384615385 0.15269230769230763 0.5550480769230768 0.14038461538461533 0.5350480769230769 0.14288461538461533 0.5365865384615385 0.15519230769230763
0 0.478125 0.6953125 0.4625 0.6953125 0.4625 0.70625 0.478125 0.70625
0 0.5921874999999999 0.4625000000000001 0.5746874999999999 0.45375000000000004 0.5659375 0.47125000000000006 0.5834374999999999 0.4800000000000001
0 0.14849137931034484 0.4115840517241379 0.14364224137931036 0.4002693965517242 0.12497306034482761 0.40827047413793116 0.12982219827586208 0.41958512931034486
0 0.6223173439181916 0.5339444294940797 0.5609644106566201 0.4805940527448871 0.5320690931108719 0.5138236679224975 0.5934220263724435 0.5671740446716901
0 0.3656250000000001 0.5546875 0.3546875000000001 0.5546875 0.3546875000000001 0.5625 0.3656250000000001 0.5625
0 0.3856617647058823 0.14733455882352947 0.36314338235294114 0.13382352941176473 0.3545955882352941 0.1480698529411765 0.37711397058823526 0.1615808823529412
0 0.39750844594594603 0.5743243243243245 0.3769847972972974 0.5709037162162164 0.3729307432432433 0.5952280405405407 0.393454391891892 0.5986486486486488
0 0.2927500000000002 0.9617500000000001 0.2850000000000001 0.9559375000000001 0.2765625000000001 0.9671875 0.28431250000000013 0.9730000000000001
0 0.18125000000000005 0.35156250000000006 0.1599158653846154 0.3472956730769231 0.15661057692307695 0.3638221153846154 0.1779447115384616 0.36808894230769235
0 0.20961538461538462 0.6034855769230769 0.2026442307692308 0.5930288461538462 0.18605769230769234 0.6040865384615385 0.19302884615384616 0.6145432692307692
0 0.4745777027027027 0.4646537162162162 0.47238175675675687 0.45147804054054064 0.4551520270270271 0.45434966216216227 0.4573479729729731 0.4675253378378379
0 0.28920036764705886 0.9169577205882353 0.27610294117647055 0.9090992647058824 0.2617647058823529 0.9329963235294118 0.2748621323529412 0.9408547794117649
0 0.4335477941176471 0.06737132352941182 0.3761948529411765 0.05303308823529416 0.37003676470588237 0.07766544117647063 0.427389705882353 0.0920036764705883
0 0.2484375 0.3390625 0.228125 0.3390625 0.228125 0.3578125 0.2484375 0.3578125
0 0.5005601415094341 0.07069575471698121 0.48962264150943396 0.06757075471698118 0.4875 0.07500000000000007 0.4984375000000001 0.07812500000000008
0 0.4350183823529411 0.05101102941176476 0.4152573529411764 0.03915441176470593 0.4105698529411764 0.04696691176470591 0.43033088235294115 0.05882352941176474