0 0.434375 0.5109375 0.3703125000000001 0.5109375 0.3703125000000001 0.546875 0.434375 0.546875
0 0.6542543316831684 0.48870668316831695 0.6253248762376239 0.4858137376237625 0.6237159653465347 0.5019028465346536 0.6526454207920793 0.504795792079208
0 0.3876930026281209 0.35966039750328527 0.34509280551905386 0.31481808475689893 0.2967600197109067 0.3607342312746388 0.33936021681997375 0.40557654402102505
0 0.565625 0.690625 0.5390625 0.690625 0.5390625 0.7125 0.565625 0.7125
0 0.4252687101910828 0.5237261146496814 0.39056528662420376 0.5047969745222929 0.379936305732484 0.5242834394904458 0.414639729299363 0.5432125796178344
0 0.3304807692307692 0.45322115384615386 0.32879807692307683 0.4397596153846153 0.2986057692307692 0.44353365384615373 0.3002884615384615 0.4569951923076923
0 0.9754737163814184 0.48225855745721297 0.9517878973105136 0.4787056845965772 0.9449228300733497 0.5244727995110026 0.9686086491442545 0.5280256723716383
0 0.5253125000000001 0.485 0.5190625000000001 0.4725 0.5071874999999999 0.47843750000000007 0.5134375 0.4909375000000001
0 0.29375000000000007 0.5328125 0.2812500000000001 0.5328125 0.2812500000000001 0.5515625 0.29375000000000007 0.5515625
0 0.35203125000000013 0.67359375 0.2625 0.64375 0.25265624999999997 0.6732812499999999 0.3421875000000001 0.7031249999999999
0 0.5375000000000002 0.784375 0.5187500000000002 0.784375 0.5187500000000002 0.8015625 0.5375000000000002 0.8015625
0 0.6688268442622951 0.664907786885246 0.6603739754098361 0.6578637295081968 0.6476946721311475 0.6730788934426231 0.6561475409836065 0.6801229508196723
0 0.3578125000000001 0.646875 0.3312500000000001 0.646875 0.3312500000000001 0.65625 0.3578125000000001 0.65625
0 0.5612867647058823 0.3960845588235295 0.5533455882352942 0.39431985294117655 0.55 0.4093750000000001 0.5579411764705882 0.41113970588235305
0 0.6593750000000002 0.7671875 0.6359375000000002 0.7671875 0.6359375000000002 0.7765625 0.6593750000000002 0.7765625
0 0.846875 0.4437500000000002 0.8203125 0.4437500000000002 0.8203125 0.4593750000000002 0.846875 0.4593750000000002
0 0.6637725515463917 0.7907538659793815 0.6588112113402061 0.7795908505154641 0.6306862113402062 0.792090850515464 0.6356475515463917 0.8032538659793815
0 0.34440835674157305 0.5106653792134832 0.341748595505618 0.4991397471910112 0.3091116573033708 0.5066713483146067 0.31177141853932583 0.5181969803370787
0 0.409375 0.4140625 0.3671875000000001 0.4140625 0.3671875000000001 0.4359375 0.409375 0.4359375
0 0.46448170731707333 0.4524771341463415 0.4324123475609757 0.4489138719512196 0.4307926829268293 0.4634908536585366 0.46286204268292697 0.4670541158536586
0 0.6390625000000001 0.45000000000000007 0.6054687500000001 0.4164062500000001 0.5921875 0.4296875000000001 0.62578125 0.4632812500000001
0 0.4421875 0.3453125 0.3625 0.3453125 0.36250000000000004 0.4390625 0.4421875 0.4390625