3 0.892188 0.395313 0.845313 0.395313 0.845313 0.425000 0.892188 0.425000
3 0.821875 0.459375 0.764062 0.459375 0.764062 0.517188 0.821875 0.517188
3 0.934735 0.350705 0.932660 0.319593 0.884022 0.322836 0.886097 0.353948
3 0.728544 0.433184 0.694015 0.426710 0.688373 0.456804 0.722901 0.463278
3 0.347373 0.027104 0.303829 0.025290 0.303063 0.043682 0.346607 0.045497
3 0.960938 0.356250 0.940625 0.356250 0.940625 0.373438 0.960938 0.373438
3 0.914062 0.781250 0.878125 0.781250 0.878125 0.817187 0.914062 0.817187
3 0.925597 0.564056 0.902957 0.527267 0.878722 0.542181 0.901361 0.578970
3 0.467188 0.960938 0.357813 0.960938 0.357813 0.998437 0.467188 0.998437
3 0.436595 0.565550 0.380603 0.560884 0.378858 0.581832 0.434849 0.586498
3 0.327974 0.636940 0.309472 0.635851 0.307640 0.666994 0.326142 0.668082
3 0.380469 0.063281 0.348317 0.056851 0.344351 0.076683 0.376502 0.083113
3 0.672809 0.454929 0.615399 0.429414 0.598711 0.466962 0.656121 0.492477
3 0.357813 0.392188 0.315625 0.392188 0.315625 0.414062 0.357813 0.414062
3 0.229687 0.231250 0.203125 0.231250 0.203125 0.260937 0.229687 0.260937
3 0.441355 0.738673 0.428941 0.715398 0.378417 0.742344 0.390830 0.765620
3 0.940625 0.629688 0.920312 0.629688 0.920312 0.679688 0.940625 0.679688
3 0.690313 0.893125 0.613313 0.835375 0.573563 0.888375 0.650563 0.946125
3 1.000000 0.669987 0.969816 0.664948 0.965300 0.694301 0.998058 0.699341
3 0.378307 0.276061 0.372929 0.229446 0.332245 0.234140 0.337623 0.280755
3 0.324135 0.262103 0.282273 0.259113 0.280647 0.281877 0.322510 0.284867
3 0.463462 0.665505 0.439183 0.629087 0.408173 0.649760 0.432452 0.686178
3 0.432500 0.693125 0.418125 0.664375 0.373750 0.686563 0.388125 0.715313
3 0.867188 0.784375 0.839063 0.784375 0.839063 0.804688 0.867188 0.804688
3 0.589063 0.384375 0.546875 0.384375 0.546875 0.417187 0.589063 0.417187
3 0.878125 0.425000 0.828125 0.425000 0.828125 0.454688 0.878125 0.454688
3 0.754207 0.071034 0.750841 0.054207 0.721394 0.060096 0.724760 0.076923
3 0.428558 0.586293 0.394369 0.582874 0.392017 0.606389 0.426207 0.609808
3 0.717187 0.112500 0.690625 0.112500 0.690625 0.125000 0.717187 0.125000
3 0.626563 0.220313 0.600000 0.220313 0.600000 0.232813 0.626563 0.232813
3 0.253344 0.435969 0.231250 0.432812 0.227531 0.458844 0.249625 0.462000
3 0.379159 0.609832 0.376058 0.585024 0.315288 0.592620 0.318389 0.617428
3 0.927870 0.288473 0.925267 0.258537 0.861550 0.264077 0.864153 0.294014
3 1.000000 0.709375 0.979688 0.709375 0.979688 0.725000 1.000000 0.725000
3 0.875216 0.503712 0.859677 0.486447 0.835938 0.507812 0.851476 0.525078
3 0.787694 0.553019 0.739513 0.519663 0.723538 0.542738 0.771719 0.576094
3 0.587601 0.273767 0.579966 0.248953 0.528471 0.264797 0.536106 0.289611
3 0.844712 0.676683 0.798918 0.646154 0.781851 0.671755 0.827644 0.702284
3 0.742575 0.601848 0.693134 0.578775 0.679083 0.608885 0.728524 0.631957
3 0.540687 0.538625 0.532813 0.528125 0.515813 0.540875 0.523687 0.551375
3 0.584436 0.441215 0.541537 0.438534 0.539610 0.469370 0.582509 0.472051
3 0.265625 0.109375 0.228125 0.109375 0.228125 0.151563 0.265625 0.151563
3 0.761201 0.780109 0.714528 0.769338 0.708945 0.793531 0.755618 0.804301
3 0.670188 0.248836 0.608780 0.242372 0.606537 0.263682 0.667945 0.270146
3 0.660138 0.206792 0.659108 0.193410 0.632463 0.195460 0.633493 0.208842
3 0.323057 0.696233 0.321248 0.670915 0.306147 0.671994 0.307955 0.697311
3 0.827187 0.494063 0.767813 0.464375 0.752500 0.495000 0.811875 0.524688
3 0.766901 0.135851 0.719452 0.121617 0.710163 0.152580 0.757612 0.166815
3 0.892188 0.389063 0.840625 0.389063 0.840625 0.423438 0.892188 0.423438
3 0.653125 0.053125 0.629687 0.053125 0.629687 0.062500 0.653125 0.062500
3 0.423594 0.802656 0.382344 0.788906 0.371875 0.820312 0.413125 0.834063
3 0.865160 0.537162 0.848057 0.513218 0.818053 0.534649 0.835156 0.558594
