3 0.4609375000000001 0.70625 0.4078125 0.70625 0.4078125000000001 0.7703125 0.46093750000000017 0.7703125
3 0.5296875000000001 0.6859375 0.453125 0.6859375 0.4531250000000001 0.7921875 0.5296875000000002 0.7921875
3 0.59375 0.5578125 0.5375 0.5578125 0.5375 0.6578125 0.59375 0.6578125
3 0.3890625000000001 0.615625 0.34062500000000007 0.615625 0.34062500000000007 0.6875 0.3890625000000001 0.6875
3 0.7828125 0.5875000000000001 0.671875 0.5875 0.671875 0.675 0.7828125 0.6750000000000002
2 0.946875 0.6296875000000002 0.8296875 0.6296875000000002 0.8296875 0.7687500000000002 0.946875 0.7687500000000002
2 0.10000000000000009 0.7328125 0.08750000000000009 0.7328125 0.08750000000000009 0.753125 0.10000000000000009 0.753125
2 0.23437500000000008 0.7171875 0.1984375000000001 0.7171875 0.1984375000000001 0.7609375 0.23437500000000008 0.7609375
1 0.8359375 0.0718750000000001 0.740625 0.07187500000000009 0.740625 0.1781250000000001 0.8359375 0.1781250000000001
1 0.2921875 0.13281250000000006 0.184375 0.13281250000000006 0.184375 0.2078125 0.2921875 0.2078125
1 0.14531250000000004 0.2328125 0.0031250000000000292 0.2328125 0.003125000000000035 0.33125 0.14531250000000004 0.33125
1 0.060937500000000075 0.60625 7.424421219830829e-17 0.60625 7.979339300694474e-17 0.696875 0.06093750000000009 0.696875
3 0.4906250000000002 0.8390625 0.3921875000000001 0.8390625 0.3921875000000001 0.946875 0.4906250000000002 0.946875
2 0.703125 0.07031250000000008 0.6359375 0.07031250000000008 0.6359375 0.1296875000000001 0.703125 0.1296875000000001