0 0.6500000000000001 0.940625 0.6015625000000002 0.940625 0.6015625000000002 0.9625 0.6500000000000001 0.9625
0 0.27040441176470587 0.5925551470588235 0.26360294117647054 0.5653492647058822 0.2301470588235294 0.5737132352941176 0.23694852941176467 0.6009191176470587
0 0.6781249999999999 0.6484375000000001 0.6367187499999999 0.6070312500000001 0.5882812499999999 0.65546875 0.6296875 0.6968750000000001
0 0.3580818965517242 0.5626077586206897 0.3182112068965518 0.5466594827586208 0.309051724137931 0.5695581896551725 0.34892241379310346 0.5855064655172415
0 0.47582720588235305 0.7029411764705882 0.4085477941176472 0.6861213235294118 0.4030330882352942 0.7081801470588236 0.4703125000000001 0.7250000000000001
0 0.49898257955215086 0.5366004345904539 0.38229596346493816 0.5252163744843843 0.3744070418385386 0.6060778211549793 0.4910936579257513 0.617461881261049
0 0.5143709763948497 0.41339189914163094 0.5031585300429186 0.3951716738197425 0.4674155042918454 0.417167381974249 0.4786279506437768 0.43538760729613746
0 0.3926309121621622 0.45500422297297305 0.3043918918918919 0.3919763513513515 0.2771537162162162 0.4301097972972975 0.3653927364864865 0.493137668918919
0 0.5715625 0.874375 0.548125 0.8275 0.48375 0.8596875 0.5071875 0.9065625
0 0.3507812500000001 0.5070312500000002 0.32421875 0.48046875 0.28359375 0.52109375 0.3101562500000001 0.5476562500000001
0 0.5995426829268291 0.45567835365853665 0.5836890243902438 0.4358612804878049 0.5451981707317073 0.46665396341463417 0.5610518292682927 0.4864710365853659
0 0.4973694824470831 0.915507227671657 0.49664590862157976 0.8836699793495093 0.3839910299432111 0.8862303175012904 0.38471460376871447 0.9180675658234382
0 0.5878004807692309 0.689002403846154 0.5777644230769231 0.6388221153846155 0.5161658653846154 0.651141826923077 0.526201923076923 0.7013221153846154
0 0.6575367647058824 0.5223345588235294 0.645404411764706 0.47380514705882354 0.5913602941176471 0.4873161764705882 0.6034926470588236 0.5358455882352942
0 0.5703125 0.490625 0.5 0.490625 0.5 0.5375 0.5703125 0.5375
0 0.4914783653846154 0.7489543269230771 0.45604567307692323 0.7392908653846154 0.45168269230769253 0.7552884615384616 0.48711538461538473 0.7649519230769232
0 0.6182172131147541 0.7364856557377049 0.5792008196721311 0.7194159836065573 0.5671875 0.746875 0.6062038934426228 0.7639446721311476
0 0.14483775211450883 0.5011131668835394 0.06241155660377362 0.4926591981132075 0.057418062784645466 0.5413457628497073 0.13984425829538066 0.549799731620039
0 0.5531990336658354 0.6342931733167082 0.5503467892768079 0.5772482855361596 0.5014845698254363 0.5796913965087281 0.5043368142144637 0.6367362842892768
0 0.7734374999999999 0.8421875 0.76015625 0.8289062500000002 0.7265625 0.8625000000000002 0.7398437499999999 0.8757812500000002
0 0.5507601351351352 0.13293918918918926 0.42863175675675674 0.11258445945945952 0.3835304054054054 0.38319256756756764 0.5056587837837838 0.4035472972972974
0 0.3661652078774619 0.7260701586433261 0.31324876914660843 0.7159908369803064 0.3095835612691467 0.7352331783369804 0.36250000000000016 0.7453125
0 0.4932807167235496 0.6352389078498294 0.42157103242320837 0.6268024744027304 0.4182860494880547 0.654724829351536 0.48999573378839595 0.6631612627986349
0 0.3687500000000001 0.640625 0.3281250000000001 0.640625 0.3281250000000001 0.6671875 0.3687500000000001 0.6671875
0 0.5068792662116042 0.7805887372013652 0.4637265358361775 0.7755119453924915 0.4617747440273038 0.7921021757679181 0.5049274744027304 0.7971789675767919