0 0.6234375000000001 0.628125 0.53125 0.628125 0.5312500000000001 0.7328125 0.6234375000000002 0.7328125
0 0.23125 0.16250000000000003 0.2140625 0.16250000000000003 0.2140625 0.17343750000000005 0.23125 0.17343750000000005
0 0.9697889819587628 0.7685486469072165 0.8468669458762885 0.7212709407216495 0.8094152706185567 0.8186452963917527 0.9323373067010309 0.8659230025773196
0 0.6123231132075472 0.314681603773585 0.5962264150943397 0.31008254716981143 0.5926297169811322 0.3226709905660378 0.6087264150943397 0.3272700471698114
0 0.7390881147540984 0.8487192622950822 0.7163422131147543 0.8297643442622953 0.7005891393442625 0.8486680327868855 0.7233350409836066 0.8676229508196723
0 0.41891567047817035 0.28734732328482326 0.3995322245322245 0.24427299896049898 0.3471023908523908 0.26786642411642414 0.3664858367983368 0.3109407484407484
0 0.7876852448453608 0.4704816365979382 0.7121794458762888 0.40154155927835067 0.6506137242268043 0.46897068298969086 0.7261195231958764 0.5379107603092784
0 0.67578125 0.7351562500000002 0.6296875 0.6890625000000001 0.5843750000000001 0.7343750000000002 0.6304687500000001 0.7804687500000002
0 0.688921618852459 0.860950307377049 0.6871798155737705 0.8417904713114753 0.656749487704918 0.8445568647540982 0.6584912909836065 0.863716700819672
0 0.5941105769230769 0.6122596153846154 0.5643028846153846 0.5675480769230768 0.49543269230769227 0.6134615384615384 0.5252403846153846 0.658173076923077
0 0.7965992647058824 0.27545955882352946 0.7894301470588235 0.2467830882352941 0.7081801470588235 0.2670955882352941 0.7153492647058822 0.2957720588235294
0 0.778125 0.6453125000000001 0.6421875 0.6453125 0.6421875 0.71875 0.778125 0.7187500000000001
0 0.3007706447963801 0.39162895927601815 0.28967053167420814 0.379418834841629 0.268050056561086 0.3990738122171946 0.27915016968325795 0.41128393665158375
0 0.3434375 0.155625 0.3275 0.12374999999999996 0.2975 0.13874999999999998 0.3134375 0.17062500000000003
0 0.7132179054054053 0.7699324324324323 0.7090793918918918 0.7451013513513512 0.6895692567567567 0.7483530405405404 0.6937077702702703 0.7731841216216215
0 0.1559726331360947 0.5743343195266273 0.1425203402366864 0.5420488165680474 0.10202477810650887 0.5589219674556214 0.11547707100591717 0.5912074704142013
0 0.194875 0.49381250000000004 0.19321874999999997 0.4822187499999999 0.1741875 0.4849374999999999 0.17584375 0.49653125000000004
0 0.5162187945791727 0.36702523181169766 0.44357123751783173 0.34663293509272475 0.41509049572039947 0.4480955777460771 0.4877380527817404 0.4684878744650501
0 0.509375 0.4625 0.490625 0.4625 0.490625 0.4828125 0.509375 0.4828125
0 0.7070884146341463 0.44973323170731705 0.7035823170731706 0.41817835365853656 0.6461318597560977 0.424561737804878 0.6496379573170732 0.4561166158536585
0 0.8496134355509355 0.327247920997921 0.8280307952182951 0.27034823284823284 0.7234163851351351 0.3100295608108108 0.7449990254677754 0.3669292489604989
0 0.496875 0.61875 0.4625 0.61875 0.4625 0.6390625 0.496875 0.6390625
0 0.5120312500000002 0.5420312500000002 0.4965625 0.536875 0.49124999999999996 0.5528125000000002 0.5067187500000001 0.5579687500000002
0 0.273125 0.6384375 0.2578125 0.6078125 0.23218750000000005 0.620625 0.24750000000000005 0.65125
0 0.18397484756097557 0.6088986280487805 0.18039253048780485 0.5766577743902438 0.12397103658536586 0.5829268292682925 0.12755335365853657 0.6151676829268292
0 0.925 0.30625000000000013 0.875 0.25625000000000014 0.83046875 0.3007812500000001 0.88046875 0.35078125000000016
0 0.30044863861386145 0.17832611386138617 0.2671875 0.17500000000000004 0.2651763613861386 0.19511138613861392 0.2984375 0.19843750000000004
0 0.7426562500000001 0.79390625 0.7145312500000001 0.78453125 0.7096875 0.7990625 0.7378125000000001 0.8084374999999999
0 0.8234375 0.7390625000000002 0.8 0.7390625000000002 0.8 0.7609375000000002 0.8234375 0.7609375000000002
0 0.619617025222552 0.4669927670623146 0.5848154673590505 0.4051233308605343 0.5224267433234422 0.44021698813056387 0.5572283011869437 0.5020864243323443
0 0.5539522058823529 0.18455882352941183 0.5435661764705882 0.14301470588235293 0.4255514705882352 0.17251838235294117 0.4359375 0.21406250000000004
0 0.6462775735294117 0.3187040441176471 0.6258272058823529 0.3064338235294118 0.6119025735294118 0.3296415441176471 0.6323529411764706 0.3419117647058824
0 0.23683307926829267 0.32212271341463417 0.23384146341463413 0.29519817073170734 0.17793445121951218 0.30141006097560974 0.18092606707317074 0.32833460365853656
0 0.44820926966292146 0.7233848314606743 0.43881671348314616 0.7083567415730337 0.4114290730337079 0.7254740168539326 0.4208216292134832 0.7405021067415732
0 0.5667548076923077 0.8402884615384616 0.5645673076923077 0.8227884615384615 0.5493750000000001 0.8246874999999999 0.5515625 0.8421875
0 0.6859375000000002 0.75625 0.6125000000000002 0.75625 0.6125000000000002 0.784375 0.6859375000000002 0.784375
0 0.23185888252149 0.6296830229226361 0.21925814828080226 0.6073894161891118 0.16874999999999998 0.6359375 0.18135073424068773 0.6582311067335244
0 0.4075937499999999 0.3734687499999999 0.40065624999999994 0.3249062499999999 0.30834375 0.33809374999999997 0.31528125000000007 0.38665625
0 0.8078125 0.7281250000000001 0.7875000000000002 0.7281250000000001 0.7875000000000002 0.7437500000000001 0.8078125 0.7437500000000001
0 0.99375 0.6218750000000002 0.9640625 0.6218750000000002 0.9640625 0.6468750000000002 0.99375 0.6468750000000002
0 0.3040625 0.34500000000000003 0.28531249999999997 0.335625 0.27531249999999996 0.355625 0.2940625 0.36500000000000005
0 0.853125 0.06562500000000009 0.5599999999999999 -0.08093749999999993 0.4840625 0.07093750000000006 0.7771874999999999 0.21750000000000008
0 0.8470409292035399 0.35688606194690264 0.6991565265486726 0.34702710176991153 0.6939021017699115 0.42584347345132756 0.8417865044247786 0.43570243362831873
0 0.7481370192307691 0.49525240384615393 0.7012620192307693 0.48587740384615385 0.6951322115384616 0.5165264423076923 0.7420072115384615 0.5259014423076924
0 0.7206730769230769 0.8044471153846156 0.6878605769230769 0.7856971153846155 0.6763221153846153 0.8058894230769234 0.7091346153846153 0.8246394230769234
0 0.7056990606936419 0.8199873554913296 0.6743497109826591 0.8151643786127168 0.6714414739884395 0.8340679190751444 0.7027908236994221 0.8388908959537572
0 0.35523897058823534 0.5615808823529411 0.3522977941176471 0.5498161764705881 0.3350183823529412 0.5541360294117647 0.33795955882352946 0.5659007352941176
0 0.6930544609079445 0.5273624684741488 0.6884142496847415 0.4840538303909206 0.5825977301387137 0.495391314627995 0.5872379413619168 0.5386999527112233
0 0.8432854729729728 0.29877533783783805 0.7943623310810809 0.2638302364864866 0.7680743243243242 0.30063344594594604 0.8169974662162162 0.33557854729729747
0 0.7574253318584072 0.841745022123894 0.7392284292035398 0.8209485619469028 0.7272815265486725 0.8314021017699116 0.7454784292035399 0.8521985619469028
0 0.3859375 0.19375000000000003 0.3484375 0.19375000000000003 0.3484375 0.23750000000000004 0.3859375 0.2375000000000001
0 0.20592606707317077 0.5783346036585366 0.20369664634146342 0.5582698170731708 0.15653582317073172 0.5635099085365853 0.158765243902439 0.5835746951219513
0 0.12920258620689656 0.16293103448275864 0.11465517241379312 0.15711206896551727 0.10980603448275865 0.16923491379310346 0.12435344827586207 0.17505387931034483
0 0.8321691176470587 0.7114889705882351 0.8278492647058823 0.6942095588235293 0.8054227941176471 0.6998161764705882 0.8097426470588236 0.7170955882352941
0 0.925183823529412 0.9304227941176471 0.906341911764706 0.8550551470588234 0.784283088235294 0.8855698529411764 0.803125 0.9609375000000002
0 0.5640625 0.5109375 0.525 0.5109375 0.525 0.5625 0.5640625 0.5625
0 0.9737401429275504 0.48615928413011344 0.949586465007393 0.48508578733366203 0.9445932417447018 0.5974333107442091 0.9687469196648595 0.5985068075406605
0 0.2764100609756098 0.31894054878048783 0.27427591463414636 0.2997332317073171 0.23706173780487805 0.30386814024390246 0.23919588414634146 0.3230754573170732
0 0.7769870611590972 0.9867322896349957 0.7632924387015882 0.8728957404569518 0.4932577842017275 0.9053811124268598 0.5069524066592365 1.0192176616049038
0 0.514375 0.7725 0.5042788461538461 0.7595192307692307 0.46879807692307685 0.7871153846153844 0.47889423076923077 0.8000961538461538
0 0.4435560344827586 0.3045150862068966 0.3835991379310345 0.2883728448275863 0.3730387931034483 0.3275969827586207 0.4329956896551724 0.343739224137931
0 0.6846153846153846 0.8097355769230768 0.6737980769230768 0.7935096153846153 0.6478365384615385 0.8108173076923076 0.6586538461538461 0.8270432692307692
0 0.7052884615384617 0.3266826923076923 0.6887019230769231 0.3018028846153847 0.6591346153846155 0.32151442307692313 0.6757211538461539 0.3463942307692308
0 0.2093327702702703 0.2736908783783784 0.18019425675675682 0.2688344594594595 0.17715371621621628 0.2870777027027028 0.20629222972972974 0.2919341216216217
0 0.6431745049504951 0.6579424504950496 0.5679269801980198 0.6104176980198021 0.49359529702970295 0.7281095297029703 0.5688428217821783 0.7756342821782178
0 0.7326923076923076 0.6193509615384615 0.7192307692307691 0.5991586538461539 0.6860576923076922 0.6212740384615384 0.6995192307692307 0.6414663461538461
0 0.8445331601466993 0.6698044009779951 0.8398685819070906 0.6387072127139365 0.7912744498777506 0.6459963325183373 0.7959390281173595 0.677093520782396
0 0.539841782115869 0.602467726700252 0.5228628778337531 0.5487011964735516 0.4765743073047858 0.5633186397984886 0.4935532115869018 0.6170851700251889
0 0.6895000000000001 0.8811875000000002 0.6597500000000002 0.8588750000000003 0.6428750000000002 0.8813750000000002 0.6726250000000001 0.9036875000000002
0 0.2465596330275229 0.1135321100917431 0.2428182339449541 0.10106077981651378 0.21472190366972477 0.10948967889908257 0.2184633027522936 0.12196100917431192
2 0.8125 0.953125 0.7750000000000001 0.953125 0.7750000000000001 0.98125 0.8125 0.98125
2 0.2722907110091743 0.6394065366972478 0.2627436926605505 0.607583142201835 0.23622419724770644 0.6155389908256882 0.24577121559633025 0.647362385321101
2 0.23185888252149 0.6296830229226361 0.21925814828080226 0.6073894161891118 0.16792621776504293 0.6364031160458452 0.18052695200573068 0.6586967227793696
2 0.2465596330275229 0.1135321100917431 0.2428182339449541 0.10106077981651378 0.21472190366972477 0.10948967889908257 0.2184633027522936 0.12196100917431192