0 0.4375 0.478125 0.3515625000000001 0.478125 0.3515625000000001 0.5296875 0.4375 0.5296875
0 0.33800675675675673 0.8421030405405405 0.33479729729729735 0.8228462837837839 0.3086993243243243 0.8271959459459461 0.3119087837837838 0.8464527027027028
0 0.9835254659383033 0.29605358290488437 0.9771429145244215 0.2714351703084833 0.889080575192802 0.2942661471722365 0.8954631266066837 0.3188845597686375
0 0.525547372611465 0.8331110668789808 0.491062898089172 0.8143013535031847 0.4775079617834395 0.8391520700636942 0.5119924363057324 0.8579617834394904
0 0.17367788461538472 0.607451923076923 0.15745192307692313 0.5966346153846154 0.14423076923076922 0.6164663461538462 0.16045673076923078 0.6272836538461538
0 0.6588125 0.10550000000000001 0.6447499999999999 0.08675000000000002 0.6132500000000001 0.11037500000000003 0.6273125 0.12912500000000002
0 0.6310796097285067 0.634179157239819 0.6291607748868777 0.5439939196832577 0.4761382918552036 0.54724971719457 0.4780571266968326 0.6374349547511312
0 0.728125 0.6062500000000001 0.68125 0.60625 0.68125 0.6421875 0.728125 0.6421875000000001
0 0.1297952586206897 0.4690193965517242 0.07623922413793109 0.4460668103448276 0.0635506465517242 0.4756734913793103 0.11710668103448278 0.4986260775862069
0 0.4702477810650887 0.251719674556213 0.4578125 0.221875 0.40200628698224855 0.24512758875739643 0.4144415680473372 0.27497226331360947
0 0.3171452702702703 0.10962837837837842 0.2816722972972973 0.10371621621621625 0.2792652027027028 0.11815878378378383 0.31473817567567575 0.124070945945946
0 0.9792564655172414 0.39795258620689655 0.9708512931034482 0.3783405172413793 0.947467672413793 0.3883620689655173 0.9558728448275863 0.40797413793103454
0 0.72265625 0.31484375000000014 0.703125 0.29531250000000014 0.6671875 0.3312500000000001 0.68671875 0.3507812500000001
0 0.3890625000000001 0.5953125 0.3281250000000001 0.5953125 0.3281250000000001 0.615625 0.3890625000000001 0.615625
0 0.4812500000000002 0.9671875 0.44531250000000017 0.9671875 0.44531250000000017 0.9984375 0.4812500000000002 0.9984375
0 0.3546875 0.07031250000000004 0.3125 0.07031250000000004 0.3125 0.10156250000000004 0.3546875 0.10156250000000004
0 0.4546875 0.6078125 0.3703125000000001 0.6078125 0.3703125000000001 0.7078125 0.4546875 0.7078125
0 0.22955236486486497 0.5861233108108109 0.1925760135135136 0.559231418918919 0.1733868243243244 0.5856165540540542 0.21036317567567572 0.6125084459459461
0 0.4625000000000002 0.5125 0.41714527027027043 0.5049408783783784 0.4071790540540542 0.5647381756756757 0.45253378378378395 0.5722972972972974
0 0.7932752808988764 0.7603279494382024 0.7670052668539327 0.700977176966292 0.6455407303370786 0.7547401685393258 0.6718107443820225 0.814090941011236
0 0.5453125 0.3781250000000001 0.4671875 0.3781250000000001 0.4671875 0.4328125 0.5453125 0.4328125
0 0.4250419463087248 0.07528313758389264 0.41109479865771814 0.0553586409395973 0.36715604026845633 0.0861157718120805 0.38110318791946307 0.10604026845637585
0 0.3039294554455446 0.15601794554455453 0.2802599009900991 0.15365099009900998 0.27892945544554465 0.1669554455445545 0.30259900990099015 0.16932240099009904
0 0.40103860294117644 0.3605606617647059 0.38842830882352936 0.34074448529411766 0.35658088235294116 0.3610110294117647 0.3691911764705882 0.38082720588235297
0 0.7266303528347405 0.7526292973462002 0.6619496381182147 0.7286734770808202 0.6468146863691194 0.7695378468033776 0.7114954010856452 0.7934936670687576
0 0.32062500000000005 0.3428125000000001 0.28293269230769236 0.3381009615384616 0.2795192307692308 0.3654086538461539 0.3172115384615385 0.37012019230769233
0 0.3995719178082192 0.7381207191780823 0.31292808219178087 0.7056292808219179 0.2934075342465754 0.7576840753424658 0.3800513698630138 0.7901755136986303
0 0.8484375 0.17812500000000014 0.81953125 0.14921875000000012 0.80625 0.1625000000000001 0.83515625 0.19140625000000008
0 0.5820312500000001 0.87265625 0.5114182692307693 0.8585336538461539 0.5055288461538462 0.8879807692307693 0.576141826923077 0.9021033653846156
0 0.35413602941176475 0.37408088235294124 0.30670955882352946 0.3622242647058824 0.299264705882353 0.3920036764705882 0.34669117647058834 0.4038602941176471
0 0.42115384615384616 0.20889423076923075 0.4165865384615385 0.18605769230769229 0.3609975961538462 0.19717548076923075 0.3655649038461538 0.2200120192307692
0 0.4387500000000001 0.49750000000000005 0.3582331730769231 0.47554086538461543 0.34835336538461537 0.511766826923077 0.4288701923076924 0.5337259615384615
0 0.3109375 0.12656250000000005 0.240625 0.12656250000000005 0.240625 0.15468750000000003 0.3109375 0.15468750000000003
0 0.9734375 0.3296875000000001 0.9546875 0.3296875000000001 0.9546875 0.3390625000000001 0.9734375 0.3390625000000001
0 0.7672387295081968 0.9380635245901642 0.6999231557377049 0.8819672131147541 0.6717469262295083 0.9157786885245901 0.7390625000000002 0.9718750000000002
0 0.427483108108108 0.36728885135135136 0.4076942567567567 0.3528969594594595 0.3822212837837838 0.3879222972972973 0.4020101351351351 0.40231418918918915
0 0.08086890243902448 0.5737423780487805 0.0640625000000001 0.571875 0.0608231707317074 0.6010289634146342 0.07762957317073178 0.6028963414634146
0 0.5648013291855204 0.1592654128959276 0.563641826923077 0.13491586538461536 0.4920036764705883 0.13832720588235295 0.49316317873303167 0.1626767533936652
0 0.3042025862068967 0.7488685344827587 0.23092672413793114 0.7195581896551725 0.21357758620689665 0.7629310344827587 0.28685344827586223 0.7922413793103449
0 0.4402439024390244 0.3543826219512196 0.4380335365853658 0.33448932926829267 0.41676829268292687 0.33685213414634146 0.41897865853658545 0.35674542682926835
0 0.731371412320616 0.5650354392719636 0.6089123206160308 0.5010642719635984 0.5871674833741687 0.542690103255163 0.7096265750787538 0.6066612705635283
0 0.41375 0.42437500000000006 0.399375 0.395625 0.35750000000000004 0.41656250000000006 0.371875 0.4453125000000001
0 0.4187500000000002 0.99375 0.3812500000000001 0.99375 0.3812500000000001 0.9984375 0.4187500000000002 0.9984375
0 0.15296875000000007 0.53796875 0.07703125000000008 0.51265625 0.06515625000000005 0.54828125 0.14109375000000005 0.57359375
0 0.16887019230769235 0.6443509615384616 0.10771634615384622 0.6367067307692308 0.10211538461538469 0.6815144230769231 0.1632692307692308 0.6891586538461539
0 0.9322115384615384 0.24206730769230775 0.8841346153846155 0.23245192307692317 0.872235576923077 0.2919471153846155 0.9203124999999999 0.30156250000000007
0 0.23343949044585996 0.8715067675159236 0.2104498407643312 0.8589669585987261 0.19719347133757964 0.8832703025477707 0.2201831210191084 0.8958101114649683
0 0.6142740174672487 0.6273676310043668 0.6094295851528383 0.5910343886462882 0.52673307860262 0.6020605895196506 0.5315775109170305 0.6383938318777292
0 0.43928353658536584 0.12082317073170734 0.4346875 0.099375 0.36938262195121946 0.11336890243902438 0.37397865853658535 0.13481707317073172
0 0.528078589108911 0.7410891089108912 0.47517017326732686 0.7357982673267328 0.46980198019801983 0.7894801980198022 0.5227103960396041 0.7947710396039606
0 0.4880697513812155 0.9608252762430942 0.4857821132596685 0.9173601519337019 0.44936982044198903 0.9192765883977903 0.451657458563536 0.9627417127071825
0 0.5895000000000001 0.5547500000000001 0.47859375000000004 0.5389062500000001 0.4716875 0.58725 0.5825937500000002 0.6030937500000001
0 0.6140625000000002 0.9609375 0.5093750000000001 0.9609375 0.5093750000000001 0.9984375 0.6140625000000002 0.9984375
0 0.7016544117647059 0.7034926470588234 0.6876838235294118 0.6476102941176471 0.5799632352941176 0.6745404411764707 0.5939338235294118 0.730422794117647
0 0.4808783783783784 0.12777027027027035 0.4437668918918919 0.11635135135135144 0.42467905405405404 0.17838682432432443 0.4617905405405405 0.18980574324324334
0 0.6203125 0.4 0.5546875 0.4 0.5546875 0.44375 0.6203125 0.44375
0 0.7252070234626591 0.6105965342738844 0.7123210109645759 0.5168800797423707 0.47414818471093384 0.5496288433522466 0.487034197209017 0.6433452978837602
0 0.4859375 0.021875000000000058 0.4546875 0.021875000000000054 0.4546875 0.057812500000000065 0.4859375 0.057812500000000065
0 0.3103750000000002 0.7976875000000001 0.15615625000000016 0.7756562500000002 0.14543750000000014 0.8506875000000003 0.2996562500000001 0.8727187500000003
0 0.9906791594454072 0.4408876733102254 0.9683221403812825 0.4399561308492202 0.966629657712305 0.48057571490467943 0.9889866767764298 0.4815072573656847
0 0.75625 0.5703125000000002 0.71875 0.5703125000000001 0.71875 0.6000000000000001 0.75625 0.6000000000000002
0 0.38750000000000007 0.7171875 0.22031250000000008 0.7171875 0.22031250000000008 0.784375 0.38750000000000007 0.784375