0 0.55625 0.6125 0.478125 0.6125 0.478125 0.65625 0.55625 0.65625
0 0.26781654203718686 0.6809569523039614 0.18501541026677454 0.6590390056588522 0.172908245755861 0.704777182700081 0.2557093775262733 0.7266951293451902
0 0.546875 0.03593750000000007 0.5078125 0.03593750000000007 0.5078125 0.06406250000000006 0.546875 0.06406250000000006
0 0.24949892241379307 0.8696066810344828 0.24822737068965517 0.8479903017241378 0.19812499999999997 0.8509374999999999 0.19939655172413792 0.8725538793103448
0 0.5438878676470589 0.4752297794117647 0.5316176470588235 0.4547794117647059 0.512545955882353 0.4662224264705882 0.5248161764705882 0.486672794117647
0 0.15156250000000004 0.365625 0.08437500000000005 0.365625 0.08437500000000005 0.3984375 0.15156250000000004 0.3984375
0 0.5395933219178083 0.6200428082191782 0.5158304794520548 0.5944520547945207 0.47537671232876716 0.6320162671232878 0.49913955479452066 0.6576070205479454
0 0.41920731707317066 0.21192835365853657 0.38871951219512196 0.18753810975609755 0.3603658536585366 0.22298018292682925 0.39085365853658527 0.24737042682926824
0 0.7109375000000001 0.7093750000000002 0.6774375 0.6842500000000001 0.657 0.7115000000000001 0.6905000000000001 0.7366250000000002
0 0.275 3.0903196572233993e-17 0.228125 2.803293063673238e-17 0.228125 0.026562500000000034 0.275 0.026562500000000034
0 0.7703125 0.44843750000000016 0.721875 0.4484375000000001 0.721875 0.4828125000000001 0.7703125 0.4828125000000002
0 0.6255711206896553 0.8665840517241381 0.5914331896551726 0.8637392241379314 0.5893857758620691 0.8883081896551726 0.6235237068965518 0.8911530172413794
0 0.8643932481751824 0.6190123175182481 0.8317005018248175 0.5489564324817519 0.7863651916058394 0.5701129105839415 0.8190579379562044 0.6401687956204378
0 0.2967812500000001 0.6037812500000002 0.25828125000000013 0.5982812500000001 0.2550000000000001 0.6212500000000002 0.29350000000000015 0.6267500000000001
0 0.3568529564315353 0.10672328838174279 0.31221473029045643 0.0948197614107884 0.30474585062240667 0.12282806016597514 0.34938407676348554 0.1347315871369295
0 0.4046875000000002 0.95 0.3375000000000001 0.95 0.3375000000000001 0.9765625 0.4046875000000002 0.9765625
0 0.09156249999999999 0.564375 0.08443749999999998 0.5145 0.05184374999999999 0.51915625 0.05896874999999999 0.56903125
0 0.38515625 0.39921875000000007 0.3703125 0.3843750000000001 0.3390625 0.4156250000000001 0.35390625 0.43046875000000007
0 0.16406250000000008 0.7890625 0.13281250000000008 0.7890625 0.13281250000000008 0.8203125 0.16406250000000008 0.8203125
0 0.3880328757225434 0.6948699421965319 0.38456466763005787 0.6723265895953757 0.33513367052023113 0.6799313583815028 0.3386018786127167 0.7024747109826589
0 0.43750000000000017 0.746875 0.3906250000000001 0.746875 0.3906250000000001 0.778125 0.43750000000000017 0.778125
0 0.7739539354644149 0.8926681242460797 0.7073903045838359 0.868014927623643 0.6937254975874547 0.9049099065138723 0.7602891284680338 0.929563103136309
0 0.41237980769230764 0.1568509615384615 0.38858173076923075 0.12115384615384614 0.3629807692307693 0.13822115384615383 0.38677884615384617 0.1739182692307692
0 0.13244575183374083 0.860055012224939 0.12644025061124692 0.820018337408313 0.1046645782396088 0.8232846882640587 0.1106700794621027 0.8633213630806846
0 0.10848817567567567 0.2962415540540541 0.10456081081081081 0.27267736486486494 0.06351351351351352 0.27951858108108113 0.0674408783783784 0.30308277027027036
0 0.8342225609756099 0.6529344512195123 0.7848323170731708 0.6474466463414635 0.7807164634146341 0.6844893292682928 0.8301067073170734 0.6899771341463417
0 0.32625 0.8056249999999998 0.3112500000000001 0.7756250000000001 0.28375000000000006 0.7893750000000002 0.29874999999999996 0.819375
0 0.20043198529411765 0.7749908088235294 0.16100183823529418 0.7498988970588235 0.1464613970588236 0.7727481617647058 0.18589154411764705 0.7978400735294118
0 0.3379 0.24907500000000002 0.33075 0.20975000000000005 0.27575 0.21975000000000006 0.2829 0.25907500000000006
0 0.3102941176470589 0.8228860294117648 0.26102941176470595 0.8105698529411764 0.2530330882352942 0.8425551470588235 0.3022977941176471 0.854871323529412
0 0.39 0.5668749999999999 0.36900000000000005 0.538875 0.34625000000000006 0.5559375 0.36725 0.5839375
0 0.4484375 0.01875000000000005 0.3703125 0.018750000000000048 0.3703125 0.08125000000000004 0.4484375 0.08125000000000004
0 0.24593750000000006 0.44250000000000006 0.2028125 0.4209375000000001 0.18812500000000004 0.45031250000000006 0.23125 0.4718750000000001
0 0.2765625 0.65 0.26625 0.629375 0.234375 0.6453125 0.2446875 0.6659375
0 0.4296875 0.3281250000000001 0.371875 0.3281250000000001 0.371875 0.35625000000000007 0.4296875 0.35625000000000007
0 0.718155724450194 0.6665103492884864 0.7004588454075031 0.6436085058214748 0.6542549320827942 0.6793115297542044 0.6719518111254851 0.7022133732212159
0 0.240625 0.3140625 0.17812500000000003 0.3140625 0.17812500000000003 0.3484375 0.240625 0.3484375
0 0.25366379310344833 0.6174030172413795 0.24364224137931037 0.5940193965517242 0.21045258620689658 0.6082435344827586 0.22047413793103451 0.6316271551724139
0 0.493231471238938 0.2827779314159292 0.46740873893805307 0.28105641592920355 0.46533462389380525 0.3121681415929204 0.4911573561946902 0.31388965707964606
0 0.6765625 0.6234375 0.6265625 0.6234375 0.6265625 0.6609375 0.6765625 0.6609375
0 0.321139705882353 0.5295036764705883 0.29246323529411766 0.5223345588235294 0.28713235294117645 0.5436580882352942 0.31580882352941186 0.5508272058823531
0 0.7687500000000002 0.9765625 0.7468750000000002 0.9765625 0.7468750000000002 0.9953125 0.7687500000000002 0.9953125
0 0.5231142241379311 0.9320043103448276 0.5158943965517241 0.9139547413793101 0.4956896551724137 0.9220366379310343 0.5029094827586207 0.9400862068965518
0 0.6109375000000001 0.6968750000000001 0.5796875000000001 0.6656250000000001 0.5289062500000001 0.7164062500000001 0.5601562500000001 0.7476562500000001
0 0.5843028846153846 0.5943269230769231 0.5364182692307693 0.5883413461538461 0.5318269230769231 0.6250721153846154 0.5797115384615384 0.6310576923076923
0 0.8593842455621301 0.5196653106508877 0.8275425295857988 0.506397928994083 0.8136279585798816 0.5397928994082841 0.8454696745562129 0.5530602810650889
0 0.7974448529411765 0.7894669117647062 0.7682169117647059 0.7553676470588238 0.7330882352941176 0.7854779411764709 0.7623161764705882 0.8195772058823533
0 0.66171875 0.91328125 0.6256433823529411 0.8916360294117647 0.6153033088235293 0.9088694852941176 0.6513786764705882 0.9305147058823529
0 0.23137019230769237 0.8181490384615386 0.21406249999999996 0.7921875 0.1931490384615384 0.8061298076923077 0.21045673076923083 0.8320913461538464
0 0.4163143382352941 0.3933363970588235 0.4045955882352941 0.3738051470588236 0.384375 0.38593750000000004 0.39609375 0.40546875
0 0.5940625 0.8381250000000001 0.5853125 0.820625 0.5409375000000001 0.8428125 0.5496875000000001 0.8603125
0 0.5296875000000002 0.809375 0.48437500000000017 0.809375 0.48437500000000017 0.834375 0.5296875000000002 0.834375
0 0.5629807692307692 0.6491586538461538 0.49175961538461543 0.6452019230769231 0.4898798076923077 0.6790384615384616 0.5611009615384616 0.6829951923076922
0 0.544989224137931 0.31012931034482755 0.5376616379310345 0.29181034482758617 0.5045258620689654 0.30506465517241377 0.511853448275862 0.32338362068965515
0 0.6328125000000002 0.9875 0.5625000000000002 0.9875 0.5625000000000002 0.9984375 0.6328125000000002 0.9984375
0 0.53125 0.2140625000000001 0.503125 0.2140625000000001 0.503125 0.2406250000000001 0.53125 0.2406250000000001
0 0.6201286764705883 0.21636029411764718 0.556158088235294 0.2003676470588236 0.5465073529411764 0.2389705882352942 0.6104779411764707 0.25496323529411774
0 0.41723613813229565 0.11796571011673151 0.41551556420233454 0.09043652723735407 0.3574416342412451 0.09406614785992215 0.35916220817120614 0.1215953307392996
0 0.8118219339622641 0.7593455188679246 0.8057488207547168 0.7380896226415096 0.7669516509433961 0.7491745283018869 0.7730247641509435 0.7704304245283019
0 0.3688701923076924 0.7490384615384615 0.32175480769230774 0.7431490384615385 0.3183413461538462 0.7704567307692308 0.36545673076923085 0.7763461538461539