0 0.261498 0.839446 0.236940 0.832429 0.232695 0.847288 0.257252 0.854304
0 0.548577 0.966467 0.462034 0.913424 0.423948 0.975565 0.510491 1.000000
0 0.607812 0.000000 0.571875 0.000000 0.571875 0.023438 0.607812 0.023438
0 0.692187 0.490625 0.657031 0.455469 0.635156 0.477344 0.670312 0.512500
0 0.492551 0.057363 0.438955 0.037265 0.426563 0.070313 0.480158 0.090411
0 0.402813 0.058750 0.345156 0.039531 0.336563 0.065313 0.394219 0.084531
0 0.740120 0.748149 0.691659 0.720457 0.677716 0.744856 0.726178 0.772548
0 0.639788 0.117705 0.614698 0.066332 0.513096 0.115952 0.538185 0.167325
0 0.422332 0.772447 0.231974 0.751296 0.222618 0.835499 0.412976 0.856650
0 0.611064 0.276488 0.590169 0.177985 0.454059 0.206857 0.474953 0.305360
0 0.495625 0.546250 0.453750 0.525313 0.445312 0.542188 0.487188 0.563125
0 0.469029 0.860928 0.416919 0.845601 0.392685 0.927996 0.444795 0.943322
0 0.766313 0.076437 0.752437 0.057937 0.739938 0.067313 0.753813 0.085812
0 0.209375 0.120313 0.195312 0.106250 0.169531 0.132031 0.183594 0.146094
0 0.771875 0.128125 0.750000 0.106250 0.738281 0.117969 0.760156 0.139844
0 0.414781 0.603469 0.410531 0.573719 0.381656 0.577844 0.385906 0.607594
0 0.303125 0.132813 0.285938 0.132813 0.285938 0.145313 0.303125 0.145313
0 0.500601 0.442067 0.473558 0.424038 0.460096 0.444231 0.487139 0.462260
0 0.621875 0.979688 0.595313 0.979688 0.595313 0.990625 0.621875 0.990625
0 0.814063 0.615625 0.769531 0.571094 0.755469 0.585156 0.800000 0.629688
0 0.807656 0.514531 0.780469 0.505469 0.773906 0.525156 0.801094 0.534219
0 0.536659 0.667668 0.491947 0.637861 0.479207 0.656971 0.523918 0.686779
0 0.667672 0.135506 0.644504 0.126239 0.639332 0.139170 0.662500 0.148438
0 0.800000 0.214063 0.777344 0.191406 0.760938 0.207813 0.783594 0.230469
0 0.179379 0.757409 0.116467 0.754788 0.115140 0.786633 0.178052 0.789255
0 0.662684 0.305423 0.604320 0.270404 0.582399 0.306939 0.640763 0.341958
0 0.429688 0.426563 0.334375 0.426563 0.334375 0.492188 0.429688 0.492188
0 0.376740 0.942135 0.317716 0.923817 0.312302 0.941264 0.371326 0.959582
0 0.571134 0.022761 0.546053 0.011614 0.541285 0.022342 0.566366 0.033489
0 0.669668 0.579061 0.636497 0.576988 0.635257 0.596832 0.668428 0.598906
0 0.785863 0.312088 0.763438 0.296562 0.755113 0.308588 0.777538 0.324113
0 0.576562 0.000000 0.540625 0.000000 0.540625 0.006250 0.576562 0.006250
0 0.803089 0.722945 0.786346 0.701418 0.776611 0.708990 0.793353 0.730517
0 0.631703 0.418803 0.595440 0.414537 0.591612 0.447083 0.627874 0.451349
0 0.285513 0.908552 0.244013 0.895272 0.237500 0.915625 0.279000 0.928905
0 0.679688 0.653125 0.553906 0.527344 0.482813 0.598438 0.608594 0.724219
0 0.767375 0.470562 0.752938 0.451313 0.732187 0.466875 0.746625 0.486125
0 0.607812 0.000000 0.542188 0.000000 0.542188 0.023438 0.607812 0.023438
0 0.279687 0.000000 0.265625 0.000000 0.265625 0.007813 0.279687 0.007813
0 0.370312 0.000000 0.337500 0.000000 0.337500 0.001563 0.370312 0.001563
0 0.618990 0.161298 0.589543 0.155409 0.584736 0.179447 0.614183 0.185337
0 0.703281 0.212031 0.661562 0.198125 0.656875 0.212188 0.698594 0.226094
0 0.753750 0.185625 0.717656 0.173594 0.712969 0.187656 0.749062 0.199688
0 0.784283 0.789430 0.737224 0.777665 0.731342 0.801195 0.778401 0.812960
0 0.420313 0.734375 0.375000 0.734375 0.375000 0.760938 0.420313 0.760938
0 0.398438 0.857812 0.296875 0.857812 0.296875 0.907813 0.398438 0.907813
0 0.315937 0.406875 0.270000 0.391563 0.263906 0.409844 0.309844 0.425156
0 0.442022 0.731287 0.435000 0.699687 0.394632 0.708658 0.401654 0.740257
0 0.454688 0.012500 0.432812 0.012500 0.432812 0.021875 0.454688 0.021875
0 0.644253 0.344831 0.610467 0.329473 0.603296 0.345248 0.637083 0.360606
0 0.840556 0.272400 0.819096 0.253623 0.809416 0.264685 0.830877 0.283462
0 0.396875 0.531250 0.371563 0.522813 0.364844 0.542969 0.390156 0.551406
0 0.425000 0.000000 0.410938 0.000000 0.410938 0.001563 0.425000 0.001563
0 0.646531 0.064781 0.644312 0.049250 0.627906 0.051594 0.630125 0.067125
0 0.465396 0.612005 0.216159 0.412614 0.050762 0.619360 0.300000 0.818750
0 0.466311 0.637527 0.414207 0.635443 0.413264 0.659031 0.465368 0.661115
0 0.858594 0.271094 0.838281 0.250781 0.832031 0.257031 0.852344 0.277344
0 0.507721 0.180882 0.494945 0.129779 0.431342 0.145680 0.444118 0.196783
0 0.469452 0.861052 0.416919 0.845601 0.392859 0.927403 0.445392 0.942854
0 0.581250 0.904687 0.543750 0.904687 0.543750 0.929688 0.581250 0.929688
0 0.810938 0.129688 0.781999 0.118836 0.775835 0.135274 0.804773 0.146126
0 0.168798 0.120697 0.166755 0.104351 0.138486 0.107885 0.140529 0.124231
0 0.853125 0.235938 0.838281 0.221094 0.831250 0.228125 0.846094 0.242969
0 0.329688 0.025000 0.305469 0.000781 0.296094 0.010156 0.320312 0.034375
0 0.378125 0.345313 0.372103 0.328752 0.337101 0.341480 0.343123 0.358041
0 0.867969 0.249219 0.850156 0.243281 0.846250 0.255000 0.864062 0.260938
0 0.708617 0.242030 0.614197 0.228145 0.608965 0.263726 0.703384 0.277612
0 0.550000 0.379688 0.406250 0.379688 0.406250 0.434375 0.550000 0.434375
0 0.880532 0.569932 0.864907 0.548057 0.840372 0.565583 0.855997 0.587458
0 0.550537 0.370749 0.328613 0.364751 0.326878 0.428936 0.548802 0.434934
0 0.524173 0.018934 0.462408 0.003493 0.456710 0.026287 0.518474 0.041728
0 0.722656 0.710156 0.703125 0.690625 0.692969 0.700781 0.712500 0.720313
0 0.713033 0.554743 0.708695 0.535221 0.671636 0.543456 0.675974 0.562978
0 0.542563 0.732313 0.476313 0.682625 0.451750 0.715375 0.518000 0.765063
0 0.584375 0.959375 0.550781 0.925781 0.533594 0.942969 0.567187 0.976563
